0.0
0.027548209366391185
0.05509641873278237
0.08264462809917356
0.11019283746556474
0.13774104683195593
0.1652892561983471
0.1928374655647383
0.22038567493112948
0.24793388429752067
0.27548209366391185
0.30303030303030304
0.3305785123966942
0.3581267217630854
0.3856749311294766
0.4132231404958678
0.44077134986225897
0.46831955922865015
0.49586776859504134
0.5234159779614325
0.5509641873278237
0.5785123966942148
0.6060606060606061
0.6336088154269972
0.6611570247933884
0.6887052341597796
0.7162534435261708
0.743801652892562
0.7713498622589532
0.7988980716253443
0.8264462809917356
0.8539944903581267
0.8815426997245179
0.9090909090909091
0.9366391184573003
0.9641873278236914
0.9917355371900827
1.019283746556474
1.046831955922865
1.0743801652892562
1.1019283746556474
1.1294765840220387
1.1570247933884297
1.184573002754821
1.2121212121212122
1.2396694214876034
1.2672176308539944
1.2947658402203857
1.322314049586777
1.3498622589531681
1.3774104683195592
1.4049586776859504
1.4325068870523416
1.4600550964187329
1.487603305785124
1.5151515151515151
1.5426997245179064
1.5702479338842976
1.5977961432506886
1.6253443526170799
1.6528925619834711
1.6804407713498624
1.7079889807162534
1.7355371900826446
1.7630853994490359
1.790633608815427
1.8181818181818181
1.8457300275482094
1.8732782369146006
1.9008264462809918
1.9283746556473829
1.955922865013774
1.9834710743801653
2.0110192837465566
2.038567493112948
2.0661157024793386
2.09366391184573
2.121212121212121
2.1487603305785123
2.1763085399449036
2.203856749311295
2.231404958677686
2.2589531680440773
2.286501377410468
2.3140495867768593
2.3415977961432506
2.369146005509642
2.396694214876033
2.4242424242424243
2.4517906336088156
2.479338842975207
2.5068870523415976
2.534435261707989
2.56198347107438
2.5895316804407713
2.6170798898071626
2.644628099173554
2.672176308539945
2.6997245179063363
2.727272727272727
2.7548209366391183
2.7823691460055096
2.809917355371901
2.837465564738292
2.8650137741046833
2.8925619834710745
2.9201101928374658
2.9476584022038566
2.975206611570248
3.002754820936639
3.0303030303030303
3.0578512396694215
3.0853994490358128
3.112947658402204
3.1404958677685952
3.168044077134986
3.1955922865013773
3.2231404958677685
3.2506887052341598
3.278236914600551
3.3057851239669422
3.3333333333333335
3.3608815426997247
3.3884297520661155
3.4159779614325068
3.443526170798898
3.4710743801652892
3.4986225895316805
3.5261707988980717
3.553719008264463
3.581267217630854
3.608815426997245
3.6363636363636362
3.6639118457300275
3.6914600550964187
3.71900826446281
3.746556473829201
3.7741046831955924
3.8016528925619837
3.8292011019283745
3.8567493112947657
3.884297520661157
3.911845730027548
3.9393939393939394
3.9669421487603307
3.994490358126722
4.022038567493113
4.049586776859504
4.077134986225896
4.104683195592287
4.132231404958677
4.1597796143250685
4.18732782369146
4.214876033057851
4.242424242424242
4.2699724517906334
4.297520661157025
4.325068870523416
4.352617079889807
4.380165289256198
4.40771349862259
4.435261707988981
4.462809917355372
4.490358126721763
4.517906336088155
4.545454545454546
4.573002754820936
4.6005509641873275
4.628099173553719
4.65564738292011
4.683195592286501
4.710743801652892
4.738292011019284
4.765840220385675
4.793388429752066
4.820936639118457
4.848484848484849
4.87603305785124
4.903581267217631
4.931129476584022
4.958677685950414
4.986225895316805
5.013774104683195
5.041322314049586
5.068870523415978
5.096418732782369
5.12396694214876
5.151515151515151
5.179063360881543
5.206611570247934
5.234159779614325
5.261707988980716
5.289256198347108
5.316804407713499
5.34435261707989
5.371900826446281
5.3994490358126725
5.426997245179064
5.454545454545454
5.482093663911845
5.509641873278237
5.537190082644628
5.564738292011019
5.59228650137741
5.619834710743802
5.647382920110193
5.674931129476584
5.702479338842975
5.7300275482093666
5.757575757575758
5.785123966942149
5.81267217630854
5.8402203856749315
5.867768595041323
5.895316804407713
5.922865013774104
5.950413223140496
5.977961432506887
6.005509641873278
6.033057851239669
6.0606060606060606
6.088154269972452
6.115702479338843
6.143250688705234
6.1707988980716255
6.198347107438017
6.225895316804408
6.253443526170799
6.2809917355371905
6.308539944903581
6.336088154269972
6.363636363636363
6.3911845730027546
6.418732782369146
6.446280991735537
6.473829201101928
6.5013774104683195
6.528925619834711
6.556473829201102
6.584022038567493
6.6115702479338845
6.639118457300276
6.666666666666667
6.694214876033058
6.7217630853994494
6.74931129476584
6.776859504132231
6.804407713498622
6.8319559228650135
6.859504132231405
6.887052341597796
6.914600550964187
6.9421487603305785
6.96969696969697
6.997245179063361
7.024793388429752
7.0523415977961434
7.079889807162535
7.107438016528926
7.134986225895317
7.162534435261708
7.190082644628099
7.21763085399449
7.245179063360881
7.2727272727272725
7.300275482093664
7.327823691460055
7.355371900826446
7.3829201101928374
7.410468319559229
7.43801652892562
7.465564738292011
7.493112947658402
7.520661157024794
7.548209366391185
7.575757575757576
7.603305785123967
7.630853994490358
7.658402203856749
7.68595041322314
7.7134986225895315
7.741046831955923
7.768595041322314
7.796143250688705
7.823691460055096
7.851239669421488
7.878787878787879
7.90633608815427
7.933884297520661
7.961432506887053
7.988980716253444
8.016528925619834
8.044077134986226
8.071625344352617
8.099173553719009
8.1267217630854
8.154269972451791
8.181818181818182
8.209366391184574
8.236914600550964
8.264462809917354
8.292011019283747
8.319559228650137
8.347107438016529
8.37465564738292
8.402203856749312
8.429752066115702
8.457300275482094
8.484848484848484
8.512396694214877
8.539944903581267
8.567493112947659
8.59504132231405
8.622589531680442
8.650137741046832
8.677685950413224
8.705234159779614
8.732782369146005
8.760330578512397
8.787878787878787
8.81542699724518
8.84297520661157
8.870523415977962
8.898071625344352
8.925619834710744
8.953168044077135
8.980716253443527
9.008264462809917
9.03581267217631
9.0633608815427
9.090909090909092
9.118457300275482
9.146005509641872
9.173553719008265
9.201101928374655
9.228650137741047
9.256198347107437
9.28374655647383
9.31129476584022
9.338842975206612
9.366391184573002
9.393939393939394
9.421487603305785
9.449035812672177
9.476584022038567
9.50413223140496
9.53168044077135
9.559228650137742
9.586776859504132
9.614325068870523
9.641873278236915
9.669421487603305
9.696969696969697
9.724517906336088
9.75206611570248
9.77961432506887
9.807162534435262
9.834710743801653
9.862258953168045
9.889807162534435
9.917355371900827
9.944903581267218
9.97245179063361
10.0
