2.2160416346226586e6
2.221781529786591e6
2.225346456047073e6
2.229423292788803e6
2.2330022065915815e6
2.238200871685058e6
2.246583212287437e6
2.2548626096804556e6
2.2659329719426343e6
2.270287082324647e6
2.28109181923283e6
2.2863315269642067e6
2.297289381522561e6
2.3065378468461204e6
2.314077359325053e6
2.3262910595251652e6
2.3318979619604093e6
2.3396898204580634e6
2.347517928830102e6
2.363497360380605e6
2.375724482704312e6
2.37305475720561e6
2.3857773498222274e6
2.3979584754416877e6
2.412161857339475e6
2.4220840605058623e6
2.43245565453335e6
2.4476231611590157e6
2.454189767595871e6
2.470246787838857e6
2.48245773192808e6
2.4991706994265937e6
2.517865347494458e6
2.53302208978053e6
2.549076950918709e6
2.5645110176567305e6
2.5779822912201e6
2.593335442159026e6
2.611913112835183e6
2.632467739001256e6
2.6531042200180693e6
2.6575481600478245e6
2.671378987701974e6
2.6847668466793983e6
2.7002240515682627e6
2.71955671517088e6
2.7323226594056524e6
2.7475181483880077e6
2.7635582630868936e6
2.7815320955928015e6
2.795753631207438e6
2.803075070676259e6
2.8237118689987278e6
2.848260524667731e6
2.8786621984236115e6
2.8979682804958215e6
2.912661178301701e6
2.9314318291261867e6
2.959491943729627e6
2.984888305444793e6
3.012713076629122e6
3.0393420519112693e6
3.066184325657452e6
3.104337795106676e6
3.134003348372675e6
3.1598736581030474e6
3.2012337381581385e6
3.2405149796892162e6
3.2718449308372084e6
3.2985174091717685e6
3.3180446492127897e6
3.3445088145065773e6
3.362767396665769e6
3.393568872572251e6
3.4132460157456263e6
3.459021507961363e6
3.497509498129673e6
3.5441916532053486e6
3.570370693663361e6
3.612799489506376e6
3.6535188877308564e6
3.699758601178723e6
3.739682855218288e6
3.7976429210809297e6
3.8246660541902618e6
3.8718163101231395e6
3.9315006343633123e6
3.973031775626278e6
3.994776307530959e6
4.0580018355327058e6
4.0905717603530386e6
4.134491511366395e6
4.188979973554519e6
4.234095316363547e6
4.290753145272686e6
4.3490440369027965e6
4.422533980387676e6
4.478261210682881e6
4.546814030161029e6
4.6007477241342105e6
4.660502021618637e6
4.738416802692731e6
4.845966581155148e6
4.884273711015715e6
4.948831399165362e6
5.004555366545832e6
5.103572381894308e6
5.177025940029467e6
5.228009158508326e6
5.312511025865617e6
5.361462788210131e6
5.424567295801925e6
5.4977603481496675e6
5.579731301183264e6
5.649348832611612e6
5.729047239384955e6
5.8186576977792885e6
5.930290898362834e6
6.043783310187846e6
6.21364635295457e6
6.346241422997141e6
6.5170802940733535e6
6.700116020609655e6
6.83361641415938e6
6.987277120011797e6
7.111747078547191e6
7.292732869840133e6
7.4181645881508235e6
7.5632402596219145e6
7.684023227787263e6
7.765346011098699e6
7.892675551012393e6
8.08902212442866e6
8.215452485650485e6
8.40159440209469e6
8.574352790578097e6
8.786421333628278e6
8.971734039523864e6
9.079217514261298e6
9.293710031026019e6
9.447711122839622e6
9.632281354417296e6
9.868533600173067e6
1.0105943861597577e7
1.0272551666006e7
1.0545507535544807e7
1.0732536411266198e7
1.0883902849380363e7
1.1149538770465618e7
1.1336623698868044e7
1.1675771850310136e7
1.1882488573641602e7
1.2123997257129949e7
1.2262323333136836e7
1.2424975674980553e7
1.2862964184715094e7
1.3261118968224965e7
1.3606341393255183e7
1.4054229683065593e7
1.4174956601758922e7
1.4520923597745908e7
1.4722278743843716e7
1.4984117115531137e7
1.5347990364085972e7
1.5741498184698682e7
1.6004836947107749e7
1.6214735731512105e7
1.6406301894505883e7
1.682998991548236e7
1.699432436822923e7
1.7155523825860713e7
1.7404509672899846e7
1.757039862766801e7
1.784936565493522e7
1.8302529153256614e7
1.873815437403949e7
1.8915623276438348e7
1.8963157765701562e7
1.9046937274962787e7
1.950917327887938e7
1.9811623114398234e7
2.008418044949504e7
2.036770256080008e7
2.0611847931689944e7
2.0875248041738242e7
2.10480427000719e7
2.143818581040861e7
2.16595685608717e7
2.1992059608691804e7
2.2206320638638984e7
2.2276919520063896e7
2.251551385422315e7
2.280583907423085e7
2.3094718954453778e7
2.3176461724979967e7
2.3724003693100397e7
2.377663025954982e7
2.395590192056649e7
2.3978363640131544e7
2.3977172536293533e7
2.409643530622268e7
2.4062606162976693e7
2.4358726903767075e7
2.4271960966630906e7
2.4556204037828453e7
2.4593187672431942e7
2.4784133472977173e7
2.475956858806607e7
2.4865216212974735e7
2.4863234001579627e7
2.4873825258820795e7
2.483547131142821e7
2.4912490232341737e7
2.487479185323779e7
2.494324181244615e7
2.4964075376488086e7
2.5293401639256112e7
2.5312779558135025e7
2.5360746077956863e7
2.5591081524830464e7
2.591739674944718e7
2.5841519111576147e7
2.607779382343747e7
2.629966441173426e7
2.651369728507833e7
2.6667462770160828e7
2.7044927529152464e7
2.725061825721632e7
2.7650866988538787e7
2.780888601258848e7
2.831197069878189e7
2.8397657305976167e7
2.8626800514442425e7
2.8554794695421137e7
2.860441169760586e7
2.869629231011284e7
2.8779670882530816e7
2.9169127973342158e7
2.9389767727704957e7
2.9865186209734973e7
3.019411979412571e7
3.0442889667577323e7
3.0164843146841843e7
3.0276794807616398e7
3.01310099746317e7
3.046738836304069e7
3.057181183283751e7
3.0504851215254113e7
3.0598920253445763e7
3.1198094011456322e7
3.1734150086532354e7
3.1692499322856285e7
3.2115870576758128e7
3.252367572292976e7
3.248629577770886e7
3.2512668513485596e7
3.3214456546833027e7
3.325756227364953e7
3.3195190048876796e7
3.3551572787851874e7
3.3599757164655305e7
3.373517695172962e7
3.400043530812743e7
3.4250377223985195e7
3.403060025297159e7
3.4040424793950886e7
3.452720978979346e7
3.463354528580736e7
3.461916813506563e7
3.5116143020969205e7
3.562608415284746e7
3.5645008223030746e7
3.575994667563136e7
3.605183534987487e7
3.663278793812866e7
3.677630773528005e7
3.701869191432629e7
3.761696993979004e7
3.7996765394808084e7
3.842694571159298e7
3.848760959689489e7
3.885956508515172e7
3.854811881908912e7
3.8397490700064346e7
3.875178992206706e7
3.906428138964274e7
3.840278862925377e7
3.817929675163184e7
3.829999579404272e7
3.773034442686576e7
3.7804847367269196e7
3.808518075599449e7
3.7718690115978934e7
3.770442539783267e7
3.740057269990812e7
3.710201859946763e7
3.660209773952842e7
3.636675746237564e7
3.644269196367887e7
3.6573110444241494e7
3.7190074232676886e7
3.755362585978923e7
3.78793071018012e7
3.798753547941e7
3.8580865809654795e7
3.8307459383588016e7
3.8775358471383214e7
3.830030056911696e7
3.838826253720537e7
3.8664669464488e7
3.8393820470717676e7
3.856667536146512e7
3.8220392997261405e7
3.73887703862248e7
3.8088217028192125e7
3.7802494064648256e7
3.8183456834265254e7
3.810312519709327e7
3.801637487778734e7
3.8313985915103264e7
3.8747071791853584e7
3.825487092632712e7
3.8797122558835335e7
3.867573937604071e7
3.869964009261742e7
3.8922199426485784e7
3.916857844473297e7
3.92062963850327e7
3.901303924789375e7
3.933975189861383e7
3.9089538696872e7
3.92289187412516e7
3.962391225753029e7
3.8968992177713685e7
3.8730917954371884e7
3.885503122768639e7
3.951784330666219e7
3.949219355749773e7
3.97327925337136e7
3.9588989271637835e7
3.940111411847735e7
3.927457761588754e7
3.974944957532751e7
3.935661627535107e7
3.962247934214026e7
4.004180037815476e7
4.051671388535132e7
4.040503134431743e7
4.035025121948599e7
4.0495874842827976e7
4.049851503344209e7
4.07803839413682e7
3.996425436071131e7
4.036268977900387e7
4.110004895760753e7
4.1135492435976624e7
4.126104650338486e7
4.136924340593879e7
4.145690733981119e7
4.137061869642678e7
4.157320787222469e7
4.14817452001866e7
4.194463116563515e7
4.226229112893079e7
4.250571962975049e7
4.2083794636281535e7
4.223577645360845e7
4.265923613294893e7
4.251786564011086e7
4.211476982799905e7
4.179029641253413e7
4.180311474158431e7
4.087208906818864e7
4.055495473032135e7
3.961019448000043e7
3.917991620747488e7
3.870066231055376e7
3.897898063429949e7
3.900525305955226e7
3.9186803035533935e7
3.9379944393968366e7
3.884340689882185e7
3.9083491804292545e7
3.903282717981555e7
3.892179872475879e7
3.8731013992464095e7
3.9023855378376454e7
3.8549699880926535e7
3.849059181057175e7
3.8151799423615016e7
3.8617146181076646e7
3.812693937444604e7
3.806150526753721e7
3.820271038309957e7
3.841344069271068e7
3.8182588919024155e7
3.864294708102098e7
3.907251394312545e7
3.8919212447194986e7
3.840410535088092e7
3.771286398696703e7
3.802292063591082e7
3.761137591605691e7
3.7376411266183555e7
3.735640081425591e7
3.774254474877922e7
3.717300131710852e7
3.74112647466838e7
3.64309822592627e7
3.6190098071915336e7
3.589169363291542e7
3.6125850246339746e7
3.650967300929617e7
3.6434413087711915e7
3.676351038840285e7
3.685961235400298e7
3.7073004113603435e7
3.725554985236665e7
3.69095231921169e7
3.66321975958272e7
3.643072207799088e7
3.665812349328163e7
3.6133795812829144e7
3.5178919111227356e7
3.537213180128462e7
3.46230536797401e7
3.464895604218787e7
3.449994082675811e7
3.369310355469711e7
3.2995910103249885e7
3.2923807396566425e7
3.2325246878871955e7
3.1815256700970754e7
3.184248046214268e7
3.2050029828192852e7
3.209268913607277e7
3.2278997556568094e7
3.2382086819307335e7
3.263590204360959e7
3.2924200652172673e7
3.320620475006787e7
3.362482105606576e7
3.373045291960377e7
3.39777505585101e7
3.453951079631838e7
3.4713625555098034e7
3.524034303329929e7
3.494789900999158e7
3.466097866787654e7
3.489880510804607e7
3.4830880874518715e7
3.49183589975913e7
3.513895265592028e7
3.492905779857202e7
3.501575248530824e7
3.5083911993714646e7
3.501785554563115e7
3.489746472308508e7
3.5022410263843715e7
3.5509191207725555e7
3.516339635224247e7
3.507032821991098e7
3.530803342585822e7
3.52215493917694e7
3.507421400790194e7
3.504895966831815e7
3.5507665737894155e7
3.622373763712516e7
3.735635357034406e7
3.745491537878347e7
3.832603591941885e7
3.834242800081689e7
3.881437224285507e7
3.901424358400985e7
3.969171881925681e7
3.980724823496648e7
4.078797306958169e7
4.148496672010063e7
4.071438001174233e7
4.149642599009726e7
4.1905940077152036e7
4.243278961721315e7
4.212979982717757e7
4.2284255429302685e7
4.123339753712339e7
4.190947526273346e7
4.120907468180613e7
4.076994483662158e7
3.987798450162963e7
3.953015073742231e7
3.967990797135984e7
3.986756466854309e7
3.911673527654004e7
3.946902772547645e7
3.942329060065731e7
3.9255954420717455e7
3.94171269093477e7
3.8905956989483e7
3.8074839335391924e7
3.817908221688329e7
3.821591234453684e7
3.807526002433006e7
3.738646535853377e7
3.767105399011963e7
3.749423324825053e7
3.640578983342514e7
3.643526623159304e7
3.6064949862706415e7
3.5611328078094766e7
3.535647461242937e7
3.501881921755674e7
3.484471764841126e7
3.4374260281319335e7
3.465602265506219e7
3.4442222588286825e7
3.404103742016171e7
3.4562704084967546e7
3.396467838234643e7
3.386709246407543e7
3.3358303833779246e7
3.29933582199728e7
3.318799574531975e7
3.301376000013863e7
3.289762622876934e7
3.282211206572729e7
3.293335369268051e7
3.3012689678601097e7
3.3075035176334642e7
3.32054325382214e7
3.330895218050103e7
3.391195682344547e7
3.435026856967296e7
3.511529663519767e7
3.53389593576457e7
3.625586216527287e7
3.652129075289446e7
3.6701660339965135e7
3.653691728280157e7
3.718866063419173e7
3.732498424419359e7
3.715359158451189e7
3.651426656139309e7
3.613546845181188e7
3.566284401481113e7
3.566740155273222e7
3.430038891310885e7
3.457141109507933e7
3.448129949419796e7
3.430034530732664e7
3.458655104612325e7
3.452677287987411e7
3.547702707489648e7
3.577878553178997e7
3.5898022647762336e7
3.555605387768527e7
3.5326103740550905e7
3.4975068314778306e7
3.493473771968915e7
3.483244378959492e7
3.526097840843977e7
3.4979544265395366e7
3.4112590899273545e7
3.428985499098792e7
3.3485393150801603e7
3.3581873609567575e7
