0.0005149784094283503
0.0005143202862853639
0.0005137882828306466
0.0005130888404407754
0.0005123851572693383
0.0005116873539541024
0.0005105773697079595
0.0005096077101614298
0.0005085185782979361
0.0005078492666323176
0.0005068312575637175
0.0005060137559750952
0.0005050789819759235
0.0005042312109004726
0.0005034683215931701
0.0005021564998676243
0.0005014101301437252
0.0005003802313038374
0.0004995655104138857
0.0004980936087813794
0.0004968942308723946
0.0004964351069083302
0.0004952068078400238
0.0004940657399338374
0.0004926210920249296
0.0004917324760169777
0.0004907746960097801
0.000489544170786122
0.0004887206166574108
0.00048723011397792194
0.00048612947199026314
0.00048474324840545256
0.0004834121291517581
0.0004821038782978702
0.0004807477047886669
0.00047943963689852124
0.00047791941385761895
0.0004767180460530521
0.0004749872651127825
0.0004736198100536528
0.00047200530744137846
0.00047097396319320333
0.0004698608811515677
0.0004687798275069404
0.0004673715702250956
0.000465920281375319
0.00046502301500521263
0.00046378074491605577
0.00046249843235003483
0.0004611169871787587
0.00045978024019871657
0.00045886788493282023
0.000457491634776371
0.00045587573048831996
0.0004541803605727381
0.0004528729896315081
0.00045164419477313925
0.0004504664496265295
0.0004487424891598641
0.00044717088053145064
0.0004452843878607838
0.00044385392661861655
0.0004422610304501809
0.00043998099214564697
0.00043833743648680255
0.00043680383875923246
0.0004343728909294838
0.0004322363765618644
0.00043047862569479663
0.0004290663653774753
0.0004276839890524646
0.00042609701182966654
0.00042482682741911906
0.00042316478338541466
0.00042185286785054063
0.0004193633524009711
0.0004171994834827315
0.00041498848571379333
0.000413353114978287
0.0004111930806251623
0.0004091248409053461
0.0004070436797418146
0.0004051389628883795
0.00040265850429912326
0.0004012583690272096
0.00039905159692814004
0.00039637035877814435
0.0003944960079427234
0.00039324943390856585
0.0003907902561030849
0.0003892224660308118
0.0003873525728022597
0.0003853419491117199
0.0003834025122530768
0.000381223218762926
0.00037890803474022297
0.0003762348843030583
0.00037410578820687256
0.0003715750519914655
0.00036975721968993515
0.0003673306665459934
0.0003648273875164916
0.0003613930586772721
0.00035976952149495146
0.000357721463393225
0.00035599197824592204
0.00035284388331552943
0.000351009233923897
0.0003491543515869736
0.0003466234414242558
0.0003449739716081249
0.0003428030157662789
0.0003407626331239857
0.00033841673249167904
0.0003363914353771192
0.00033447082767513943
0.00033196088794548636
0.0003290819234526548
0.00032657961693492244
0.00032307191190843274
0.0003202650356363808
0.00031690370418809504
0.0003134946228934786
0.0003109828986329975
0.00030788955995060557
0.0003054764915142097
0.00030251354939506793
0.00030031000949685597
0.00029770238492730867
0.0002954972958962712
0.00029393731732383293
0.0002917117254457905
0.00028884758672005146
0.00028680000066602754
0.0002843326295192869
0.0002816341995466061
0.0002788344794528538
0.000276240451601755
0.000274705452262514
0.00027217366830911563
0.00027013965222249663
0.00026782085268678803
0.0002650499634684423
0.00026230734438084825
0.0002602312003532097
0.00025739056449762424
0.00025509544729300477
0.00025325935251073467
0.000250477746288558
0.0002484458072830394
0.0002454447819532
0.00024365649287526192
0.00024142313232675293
0.00024004923900291527
0.00023817781543394956
0.0002345564584288883
0.00023193813849498363
0.00022922198825261222
0.0002262364781645611
0.00022517246402366204
0.00022291678193663415
0.00022137324136819138
0.00021962394203483283
0.0002172501272851886
0.00021483661515421285
0.0002130985715722184
0.00021189856407403197
0.00021030947722891328
0.00020811568335996042
0.000206785998541556
0.00020533823637393868
0.00020379818845656623
0.00020266717881618863
0.00020115330356603405
0.00019892417555866817
0.0001968167099244383
0.0001957831362108358
0.00019499242145458866
0.00019428647802389144
0.00019239148675791437
0.0001911293199283774
0.00018980919239430555
0.00018843787495867643
0.0001873780895935018
0.0001863088880387509
0.00018541542070372527
0.00018390229702712835
0.00018282226505836202
0.0001815493058964197
0.00018044230469728317
0.00017962269741754724
0.00017867103057679293
0.000177489764365664
0.00017618606658936314
0.00017548584657687557
0.00017359825701746188
0.00017301107201953843
0.00017211811474669088
0.00017170870126374693
0.00017121113334815687
0.00017046167321610678
0.00017036131832467232
0.00016934415927296687
0.0001690749448485791
0.0001681664619988234
0.0001677187006170152
0.0001668132747520605
0.00016653886047843442
0.00016582498887574232
0.0001653859993137983
0.00016513996136989327
0.0001649643785019658
0.00016453309802012527
0.0001642790751857219
0.00016386575762121836
0.0001635187429408571
0.00016261782757923303
0.00016231227469249527
0.00016205870507461572
0.00016123087918295596
0.00016009749766777786
0.00016002592102193824
0.00015931307631511635
0.00015859764109986226
0.00015775078148602944
0.00015717975000865367
0.00015610173791790526
0.00015551707535305586
0.00015464883461207893
0.0001541649822380837
0.00015290456893831954
0.0001524458072277874
0.00015192365200092912
0.00015166862860964867
0.0001513889600973715
0.00015099650801716217
0.00015054213806374572
0.00014979218203064597
0.00014930110132184126
0.00014804414513895184
0.00014712005648860252
0.0001462940651657004
0.0001464312052532011
0.00014597764466096788
0.0001461344246977429
0.00014528185772551806
0.00014476317470090225
0.00014471142466390992
0.00014436570386965517
0.00014312079493416867
0.00014207473095733926
0.00014201879050831757
0.0001412741414827418
0.00014044593752222972
0.00014006626189483066
0.00014002837994587649
0.00013891730529184322
0.00013869991612708093
0.00013854989412823648
0.00013789981053229555
0.0001376757932144648
0.00013701557438207062
0.00013653918521356912
0.00013600769107135916
0.0001360603087540218
0.0001358469714455754
0.00013500564032282918
0.00013482732113334194
0.00013464555754015117
0.00013388738415373038
0.00013300606838285954
0.00013290253689844856
0.00013267999372334056
0.00013212106705157308
0.0001312194922370556
0.00013080877806718674
0.00013032259177169088
0.00012934836243899865
0.00012879614226760653
0.0001281542285828529
0.00012800700658803144
0.0001273978445110817
0.00012749923233409228
0.00012754483984493575
0.00012703418922190663
0.00012645299523615395
0.0001270124498793356
0.00012709659462554213
0.00012684039173252063
0.00012735214639936044
0.00012722727215958918
0.00012683214430496068
0.0001271177093068653
0.00012680211941256688
0.00012689405374150212
0.00012702341498740588
0.00012751449323437466
0.00012770405399375515
0.0001275303310611458
0.00012733608721179405
0.0001265011290008099
0.00012592256729898016
0.00012547620062487575
0.00012493341828189843
0.0001242050532988677
0.00012424472014275714
0.0001234451791877163
0.00012382488512448065
0.0001233431736071341
0.0001228761533666526
0.00012294773299715447
0.00012263359060903794
0.00012274084947169717
0.00012337916145820142
0.00012235469997723143
0.00012252915212224453
0.00012198740735877237
0.00012202868439347766
0.00012203248877733763
0.00012149334418167781
0.00012077209263083516
0.00012124306386827358
0.00012045216560394068
0.00012030859734914485
0.00012005840491620333
0.00011955802622125903
0.00011912577413349161
0.00011876950771666092
0.00011882824224840785
0.00011840708213421906
0.00011856755855286245
0.00011838115556535491
0.00011789505081682949
0.00011836753875852255
0.00011842431838773358
0.00011820534451536549
0.00011735586399967659
0.00011724218816001842
0.0001168194830725969
0.00011686763573769158
0.00011695967511779614
0.00011699148085251111
0.00011647702564983048
0.00011672247788927405
0.00011632000283497716
0.00011586568733907383
0.00011536449713019571
0.00011533021595951951
0.00011524150154856557
0.00011496214107303211
0.00011481824088659191
0.00011450599019112723
0.00011513770729471449
0.00011471017731060903
0.00011383111245335392
0.0001137510922822186
0.00011358828781332935
0.00011344186841284196
0.00011331453839705489
0.0001132984550396789
0.00011297183610364257
0.00011281669422117408
0.000112209647505598
0.00011192780292341172
0.00011166620755443071
0.00011189487801198162
0.00011161703521290505
0.00011124648180303014
0.00011127400500341034
0.00011153178630227657
0.00011172317760356268
0.00011156667662926197
0.0001122608958217258
0.00011245458731498547
0.00011324252154815865
0.00011365556059875392
0.00011392248887860569
0.00011360063086302253
0.00011337445630185626
0.00011319909965907054
0.00011301373229810021
0.00011338052708617335
0.00011314788937350146
0.00011314642423708256
0.00011325390938879179
0.00011333836864225627
0.00011275024282784503
0.00011315961195066108
0.00011311527878515278
0.0001132949751175361
0.0001127354766639839
0.00011311337025827043
0.00011297105661941101
0.00011277986765951123
0.00011257325830545093
0.00011274778931297845
0.00011224654691152949
0.00011167878600316084
0.0001117215890186007
0.00011221887255064024
0.00011279542188677494
0.00011222553377237468
0.0001125805448820361
0.00011281596261925333
0.00011278310322643709
0.00011223840281794106
0.00011280871748557198
0.0001125155496195963
0.000113300723417083
0.00011344345437198084
0.00011370270428784506
0.00011329373107941919
0.00011278691926960956
0.00011286452444285154
0.0001123641255102966
0.00011221212580132478
0.0001119964141833302
0.00011170489988154124
0.00011194405023154372
0.00011217119501802222
0.00011210310338288164
0.00011181587288573441
0.00011229885580622992
0.0001131941712838698
0.00011293187127865424
0.00011368422413402547
0.00011359956720858885
0.00011364991658528633
0.0001144929303210345
0.00011523624211798837
0.00011508966151609887
0.00011573752647812784
0.00011629413776148437
0.00011620241660514278
0.00011589253687661292
0.0001157826287228474
0.00011555944010981033
0.00011531978287994922
0.00011478615025513491
0.00011445012841600282
0.00011412521719922087
0.00011353348595504769
0.00011329858305324722
0.0001129649630271225
0.00011234918122354425
0.00011216102794420855
0.00011159941807382563
0.0001117945895477503
0.00011187036098588583
0.00011149963421064388
0.00011151392545150081
0.00011130435894772036
0.00011101280375516738
0.00011117639528210577
0.00011090935389735157
0.00011077899458671515
0.00011073136919288706
0.00011079977863998062
0.0001105502522327501
0.00011004276343970833
0.00011022566154854256
0.00011032307946858436
0.00011001601815637858
0.00010998785051981044
0.00011002308367538957
0.00010993065879694678
0.00010939596445024195
0.00010849332634503232
0.00010720982215698782
0.0001070570380278388
0.00010618142922195392
0.00010610796243016847
0.00010561799200748965
0.0001054373215665644
0.00010471834562752826
0.00010461694221931866
0.00010359926620334067
0.00010295852905002865
0.00010348859056406961
0.00010266180309000406
0.00010215373924464172
0.00010149916656947734
0.00010174190670932653
0.00010156013744028333
0.00010241568374190614
0.000101745961082398
0.00010226072507781155
0.0001026265621263987
0.00010320844503478388
0.00010345075587573526
0.00010320134469502296
0.00010291997757463807
0.00010351423278363746
0.00010308532330563462
0.00010306504157117393
0.00010315099196610374
0.00010282917107414294
0.00010327755693123188
0.00010396242975703797
0.00010386772500503507
0.0001037731601694118
0.00010390078459693116
0.00010447327345614988
0.00010408619960231789
0.00010418769546914234
0.000105153280711077
0.00010506230482975357
0.00010523174934842539
0.00010561329072804341
0.00010580281929176293
0.00010614178639114048
0.0001063182718619362
0.00010673681199541492
0.00010631827716576778
0.00010647332351934367
0.00010682514466502464
0.00010615574638745686
0.00010657960381576879
0.00010668187314848291
0.00010722151771935013
0.0001075494200611123
0.00010727282654824666
0.00010739508240467665
0.00010725565803406104
0.00010733784975654216
0.00010715026453663097
0.00010699773753526193
0.00010679705294983157
0.00010665707261204797
0.00010641303270231614
0.00010557894737825527
0.00010499505358401924
0.00010422696812780393
0.00010400661602957427
0.00010305695964623208
0.00010280668736417599
0.00010257278850421257
0.0001025958602872941
0.00010192781140147573
0.0001018035682746524
0.00010176379383867437
0.00010228837775075576
0.0001023791522626762
0.00010269562582629175
0.00010255710212830603
0.00010376556986106714
0.00010349370185034552
0.00010358377841412462
0.00010369734696227836
0.0001034105204562486
0.0001033336618837165
0.00010240270043949433
0.00010211399897870698
0.00010186571404075049
0.00010212334400106903
0.00010213976117889505
0.00010241170020902564
0.00010238233582025046
0.00010234453059937075
0.00010185941023868017
0.00010206275545334117
0.00010285037966361445
0.00010267284234850346
0.00010348855756140238
0.0001033893552275003
