0.0
0.026595744680851064
0.05319148936170213
0.0797872340425532
0.10638297872340426
0.13297872340425532
0.1595744680851064
0.18617021276595744
0.2127659574468085
0.2393617021276596
0.26595744680851063
0.2925531914893617
0.3191489361702128
0.34574468085106386
0.3723404255319149
0.39893617021276595
0.425531914893617
0.4521276595744681
0.4787234042553192
0.5053191489361702
0.5319148936170213
0.5585106382978723
0.5851063829787234
0.6117021276595744
0.6382978723404256
0.6648936170212766
0.6914893617021277
0.7180851063829787
0.7446808510638298
0.7712765957446809
0.7978723404255319
0.824468085106383
0.851063829787234
0.8776595744680851
0.9042553191489362
0.9308510638297872
0.9574468085106383
0.9840425531914894
1.0106382978723405
1.0372340425531914
1.0638297872340425
1.0904255319148937
1.1170212765957446
1.1436170212765957
1.1702127659574468
1.196808510638298
1.2234042553191489
1.25
1.2765957446808511
1.303191489361702
1.3297872340425532
1.3563829787234043
1.3829787234042554
1.4095744680851063
1.4361702127659575
1.4627659574468086
1.4893617021276595
1.5159574468085106
1.5425531914893618
1.5691489361702127
1.5957446808510638
1.622340425531915
1.648936170212766
1.675531914893617
1.702127659574468
1.7287234042553192
1.7553191489361701
1.7819148936170213
1.8085106382978724
1.8351063829787233
1.8617021276595744
1.8882978723404256
1.9148936170212767
1.9414893617021276
1.9680851063829787
1.9946808510638299
2.021276595744681
2.047872340425532
2.074468085106383
2.101063829787234
2.127659574468085
2.154255319148936
2.1808510638297873
2.2074468085106385
2.234042553191489
2.2606382978723403
2.2872340425531914
2.3138297872340425
2.3404255319148937
2.367021276595745
2.393617021276596
2.4202127659574466
2.4468085106382977
2.473404255319149
2.5
2.526595744680851
2.5531914893617023
2.5797872340425534
2.606382978723404
2.632978723404255
2.6595744680851063
2.6861702127659575
2.7127659574468086
2.7393617021276597
2.765957446808511
2.7925531914893615
2.8191489361702127
2.845744680851064
2.872340425531915
2.898936170212766
2.925531914893617
2.952127659574468
2.978723404255319
3.00531914893617
3.0319148936170213
3.0585106382978724
3.0851063829787235
3.1117021276595747
3.1382978723404253
3.1648936170212765
3.1914893617021276
3.2180851063829787
3.24468085106383
3.271276595744681
3.297872340425532
3.324468085106383
3.351063829787234
3.377659574468085
3.404255319148936
3.4308510638297873
3.4574468085106385
3.484042553191489
3.5106382978723403
3.5372340425531914
3.5638297872340425
3.5904255319148937
3.617021276595745
3.643617021276596
3.6702127659574466
3.6968085106382977
3.723404255319149
3.75
3.776595744680851
3.8031914893617023
3.8297872340425534
3.856382978723404
3.882978723404255
3.9095744680851063
3.9361702127659575
3.9627659574468086
3.9893617021276597
4.01595744680851
4.042553191489362
4.069148936170213
4.095744680851064
4.122340425531915
4.148936170212766
4.175531914893617
4.202127659574468
4.2287234042553195
4.25531914893617
4.281914893617022
4.308510638297872
4.335106382978723
4.361702127659575
4.388297872340425
4.414893617021277
4.441489361702128
4.468085106382978
4.49468085106383
4.5212765957446805
4.547872340425532
4.574468085106383
4.601063829787234
4.627659574468085
4.654255319148936
4.680851063829787
4.707446808510638
4.73404255319149
4.76063829787234
4.787234042553192
4.8138297872340425
4.840425531914893
4.867021276595745
4.8936170212765955
4.920212765957447
4.946808510638298
4.973404255319149
5.0
5.026595744680851
5.053191489361702
5.079787234042553
5.1063829787234045
5.132978723404255
5.159574468085107
5.1861702127659575
5.212765957446808
5.23936170212766
5.26595744680851
5.292553191489362
5.319148936170213
5.345744680851064
5.372340425531915
5.398936170212766
5.425531914893617
5.452127659574468
5.4787234042553195
5.50531914893617
5.531914893617022
5.558510638297872
5.585106382978723
5.611702127659575
5.638297872340425
5.664893617021277
5.691489361702128
5.718085106382978
5.74468085106383
5.7712765957446805
5.797872340425532
5.824468085106383
5.851063829787234
5.877659574468085
5.904255319148936
5.930851063829787
5.957446808510638
5.98404255319149
6.01063829787234
6.037234042553192
6.0638297872340425
6.090425531914893
6.117021276595745
6.1436170212765955
6.170212765957447
6.196808510638298
6.223404255319149
6.25
6.276595744680851
6.303191489361702
6.329787234042553
6.3563829787234045
6.382978723404255
6.409574468085107
6.4361702127659575
6.462765957446808
6.48936170212766
6.51595744680851
6.542553191489362
6.569148936170213
6.595744680851064
6.622340425531915
6.648936170212766
6.675531914893617
6.702127659574468
6.7287234042553195
6.75531914893617
6.781914893617022
6.808510638297872
6.835106382978723
6.861702127659575
6.888297872340425
6.914893617021277
6.941489361702128
6.968085106382978
6.99468085106383
7.0212765957446805
7.047872340425532
7.074468085106383
7.101063829787234
7.127659574468085
7.154255319148936
7.180851063829787
7.207446808510638
7.23404255319149
7.26063829787234
7.287234042553192
7.3138297872340425
7.340425531914893
7.367021276595745
7.3936170212765955
7.420212765957447
7.446808510638298
7.473404255319149
7.5
7.526595744680851
7.553191489361702
7.579787234042553
7.6063829787234045
7.632978723404255
7.659574468085107
7.6861702127659575
7.712765957446808
7.73936170212766
7.76595744680851
7.792553191489362
7.819148936170213
7.845744680851064
7.872340425531915
7.898936170212766
7.925531914893617
7.952127659574468
7.9787234042553195
8.00531914893617
8.03191489361702
8.058510638297872
8.085106382978724
8.111702127659575
8.138297872340425
8.164893617021276
8.191489361702128
8.21808510638298
8.24468085106383
8.27127659574468
8.297872340425531
8.324468085106384
8.351063829787234
8.377659574468085
8.404255319148936
8.430851063829786
8.457446808510639
8.48404255319149
8.51063829787234
8.537234042553191
8.563829787234043
8.590425531914894
8.617021276595745
8.643617021276595
8.670212765957446
8.696808510638299
8.72340425531915
8.75
8.77659574468085
8.803191489361701
8.829787234042554
8.856382978723405
8.882978723404255
8.909574468085106
8.936170212765957
8.962765957446809
8.98936170212766
9.01595744680851
9.042553191489361
9.069148936170214
9.095744680851064
9.122340425531915
9.148936170212766
9.175531914893616
9.202127659574469
9.22872340425532
9.25531914893617
9.28191489361702
9.308510638297872
9.335106382978724
9.361702127659575
9.388297872340425
9.414893617021276
9.441489361702128
9.46808510638298
9.49468085106383
9.52127659574468
9.547872340425531
9.574468085106384
9.601063829787234
9.627659574468085
9.654255319148936
9.680851063829786
9.707446808510639
9.73404255319149
9.76063829787234
9.787234042553191
9.813829787234043
9.840425531914894
9.867021276595745
9.893617021276595
9.920212765957446
9.946808510638299
9.97340425531915
10.0
10.02659574468085
10.053191489361701
10.079787234042554
10.106382978723405
10.132978723404255
10.159574468085106
10.186170212765957
10.212765957446809
10.23936170212766
10.26595744680851
10.292553191489361
10.319148936170214
10.345744680851064
10.372340425531915
10.398936170212766
10.425531914893616
10.452127659574469
10.47872340425532
10.50531914893617
10.53191489361702
10.558510638297872
10.585106382978724
10.611702127659575
10.638297872340425
10.664893617021276
10.691489361702128
10.71808510638298
10.74468085106383
10.77127659574468
10.797872340425531
10.824468085106384
10.851063829787234
10.877659574468085
10.904255319148936
10.930851063829786
10.957446808510639
10.98404255319149
11.01063829787234
11.037234042553191
11.063829787234043
11.090425531914894
11.117021276595745
11.143617021276595
11.170212765957446
11.196808510638299
11.22340425531915
11.25
11.27659574468085
11.303191489361701
11.329787234042554
11.356382978723405
11.382978723404255
11.409574468085106
11.436170212765957
11.462765957446809
11.48936170212766
11.51595744680851
11.542553191489361
11.569148936170214
11.595744680851064
11.622340425531915
11.648936170212766
11.675531914893616
11.702127659574469
11.72872340425532
11.75531914893617
11.78191489361702
11.808510638297872
11.835106382978724
11.861702127659575
11.888297872340425
11.914893617021276
11.941489361702128
11.96808510638298
11.99468085106383
12.02127659574468
12.047872340425531
12.074468085106384
12.101063829787234
12.127659574468085
12.154255319148936
12.180851063829786
12.207446808510639
12.23404255319149
12.26063829787234
12.287234042553191
12.313829787234043
12.340425531914894
12.367021276595745
12.393617021276595
12.420212765957446
12.446808510638299
12.47340425531915
12.5
12.52659574468085
12.553191489361701
12.579787234042554
12.606382978723405
12.632978723404255
12.659574468085106
12.686170212765957
12.712765957446809
12.73936170212766
12.76595744680851
12.792553191489361
12.819148936170214
12.845744680851064
12.872340425531915
12.898936170212766
12.925531914893616
12.952127659574469
12.97872340425532
13.00531914893617
13.03191489361702
13.058510638297872
13.085106382978724
13.111702127659575
13.138297872340425
13.164893617021276
13.191489361702128
13.21808510638298
13.24468085106383
13.27127659574468
13.297872340425531
13.324468085106384
13.351063829787234
13.377659574468085
13.404255319148936
13.430851063829786
13.457446808510639
13.48404255319149
13.51063829787234
13.537234042553191
13.563829787234043
13.590425531914894
13.617021276595745
13.643617021276595
13.670212765957446
13.696808510638299
13.72340425531915
13.75
13.77659574468085
13.803191489361701
13.829787234042554
13.856382978723405
13.882978723404255
13.909574468085106
13.936170212765957
13.962765957446809
13.98936170212766
14.01595744680851
14.042553191489361
14.069148936170214
14.095744680851064
14.122340425531915
14.148936170212766
14.175531914893616
14.202127659574469
14.22872340425532
14.25531914893617
14.28191489361702
14.308510638297872
14.335106382978724
14.361702127659575
14.388297872340425
14.414893617021276
14.441489361702128
14.46808510638298
14.49468085106383
14.52127659574468
14.547872340425531
14.574468085106384
14.601063829787234
14.627659574468085
14.654255319148936
14.680851063829786
14.707446808510639
14.73404255319149
14.76063829787234
14.787234042553191
14.813829787234043
14.840425531914894
14.867021276595745
14.893617021276595
14.920212765957446
14.946808510638299
14.97340425531915
15.0
