2.0993043534384454e6
2.099741293114031e6
2.1005229788875505e6
2.0966373867072843e6
2.0952703911972824e6
2.0954899996785007e6
2.0957918549485255e6
2.094729421698467e6
2.094758607777343e6
2.0929937336140699e6
2.091179506484688e6
2.0912244049186022e6
2.0928716185003796e6
2.0934158318512135e6
2.0932779730004682e6
2.0940192318893604e6
2.0959540951262526e6
2.098270433578751e6
2.1001241248157416e6
2.1033926320330203e6
2.1036800657617236e6
2.1056170556353205e6
2.108520307778945e6
2.111953727281126e6
2.1152794770965567e6
2.1192970293658017e6
2.121300462431716e6
2.123327691649294e6
2.1275333155364995e6
2.13028883460991e6
2.134724863542075e6
2.139485115078564e6
2.145197619568366e6
2.1498297468491555e6
2.153706394819535e6
2.15842778968982e6
2.16388340461094e6
2.169546232491534e6
2.176835953958546e6
2.1834432725927136e6
2.1878930451214765e6
2.194227022858571e6
2.202341984559309e6
2.206980336309606e6
2.2136583211027067e6
2.2198558003964582e6
2.2252402108889096e6
2.229206268348777e6
2.236101269569459e6
2.2410677841658243e6
2.2499466470880667e6
2.2576139309295528e6
2.2663077827066565e6
2.2738532073836e6
2.27719230750835e6
2.2851880859206263e6
2.293129469341516e6
2.3028966467006165e6
2.3106936652523014e6
2.3222205997976447e6
2.3303727875542804e6
2.338939065193282e6
2.3512356392665855e6
2.3610685422763964e6
2.3677317080491567e6
2.379929453697017e6
2.3891647106062295e6
2.399765695272389e6
2.4128987171786185e6
2.4228972050349675e6
2.430089884439139e6
2.4417594590989077e6
2.4541881484886697e6
2.464749164243149e6
2.477150032296815e6
2.488480352749618e6
2.4996291403473546e6
2.5125573845710596e6
2.5276341961068776e6
2.543846565731775e6
2.557368486564436e6
2.5701801595128537e6
2.589684852161734e6
2.6029483178639216e6
2.617852439334572e6
2.632802471500884e6
2.6495185284283753e6
2.668159535777464e6
2.6861146741571696e6
2.705646164122232e6
2.7271547601606073e6
2.744351285219343e6
2.7648257055734773e6
2.7828303493763767e6
2.805899831742997e6
2.828702313307614e6
2.853054760718565e6
2.8740178460737877e6
2.8993216700879033e6
2.9194166092721336e6
2.9424921665878007e6
2.9608799498985186e6
2.9905509260994694e6
3.011971379105509e6
3.035166872366453e6
3.059566407226474e6
3.0867269352681413e6
3.110146301164256e6
3.1371245113898222e6
3.1681373743057945e6
3.2019724405138665e6
3.2343999398243325e6
3.266971991380426e6
3.3003919370633545e6
3.3369024724216824e6
3.367584684701834e6
3.396187789139803e6
3.430221816762165e6
3.464470366342951e6
3.5032873384500504e6
3.5374126820803247e6
3.571995059158652e6
3.6040983828308065e6
3.63709812836029e6
3.680771650635041e6
3.717808252315717e6
3.755893104207803e6
3.795339833343006e6
3.8353140362644177e6
3.876205415393487e6
3.9215589662365923e6
3.9614774209944042e6
4.0088725210614377e6
4.0485232440195153e6
4.0838434935823698e6
4.12354670286688e6
4.169671157211526e6
4.212724382902456e6
4.2638840944280615e6
4.3109241483213715e6
4.358997678276461e6
4.395823863435841e6
4.437058520549052e6
4.486681320686648e6
4.528112153775434e6
4.568850050681695e6
4.622018740897903e6
4.67678547332993e6
4.738263309761374e6
4.792979561822148e6
4.861733595537037e6
4.934843612033788e6
4.986612040083741e6
5.036750915982553e6
5.112602662221456e6
5.184095307633554e6
5.261974660989771e6
5.330962196169748e6
5.41631522744624e6
5.496874953660729e6
5.57404254713564e6
5.656797652715715e6
5.742867051881299e6
5.845245346838084e6
5.935086329098629e6
6.0500797515654275e6
6.146121090043628e6
6.243054030910588e6
6.332534357706194e6
6.429258132536411e6
6.536602290460869e6
6.634884740046632e6
6.732452564217087e6
6.83781305746993e6
6.968826785047851e6
7.092539123058327e6
7.200515303315285e6
7.339943539763302e6
7.490844072583735e6
7.616215676243247e6
7.77063430376631e6
7.909152408852416e6
8.051494432583891e6
8.189148830892993e6
8.333490169590429e6
8.491852682275353e6
8.647544124376422e6
8.870833998829668e6
9.020438455151599e6
9.217158503998816e6
9.385009982700897e6
9.57588985253686e6
9.75901321919778e6
9.950533465698447e6
1.0146181108646903e7
1.0295319871716574e7
1.0455352750114257e7
1.0629029635771507e7
1.0801068916263694e7
1.0989956691895507e7
1.1199118739024311e7
1.1407494738837479e7
1.1605072661776131e7
1.1862202413184294e7
1.217481003756968e7
1.235398386923216e7
1.2596430383443775e7
1.2846063436566062e7
1.310914626318325e7
1.3407186642933073e7
1.3687183152050836e7
1.39497802774436e7
1.4162776010795558e7
1.440958173170437e7
1.4693185796115303e7
1.4864978696618112e7
1.5045443599026028e7
1.5225663996620728e7
1.545420706104453e7
1.5573558795555655e7
1.5745966148362655e7
1.5916686189582957e7
1.6084735783858748e7
1.6247008881809387e7
1.653607101832969e7
1.677378918025431e7
1.6951349797911998e7
1.7141867926437467e7
1.740579744674716e7
1.7502794729503896e7
1.7686621936807163e7
1.7927458445228226e7
1.8081436380259305e7
1.830638108530761e7
1.854029722645998e7
1.8777361320543975e7
1.9115539778360587e7
1.9268974445012227e7
1.9573021799610067e7
1.9871439110692177e7
2.0062232440814126e7
2.0351422140464135e7
2.0627639480867058e7
2.072773678540575e7
2.0995074631915435e7
2.1193370657444138e7
2.1467536688569453e7
2.1588714756167006e7
2.1805552571194794e7
2.200163225201549e7
2.2060229853195716e7
2.2316910166603114e7
2.2435422794717494e7
2.265053755510352e7
2.294690261102346e7
2.3147617755818177e7
2.3414428356247872e7
2.3684387119864147e7
2.3973105525389962e7
2.4356297842665374e7
2.45790370360012e7
2.466175258242042e7
2.478568062121245e7
2.499578134790843e7
2.516704288796471e7
2.5180091422170714e7
2.5208713851344015e7
2.5265236071051784e7
2.535710849186161e7
2.5393543182438213e7
2.5628674005535092e7
2.5722294277302004e7
2.5851540051005173e7
2.6112447918567017e7
2.6339239324508402e7
2.6633061648041304e7
2.6605612947014824e7
2.6752438956514835e7
2.6787137018428817e7
2.677731832345195e7
2.6834307314674255e7
2.681297069812869e7
2.6962486845615964e7
2.7149150955324728e7
2.7162645960820403e7
2.7209254344588924e7
2.7393861739380307e7
2.7297713011320572e7
2.753215299495126e7
2.7543958644691493e7
2.771579986153062e7
2.7961199202006273e7
2.8195851009662963e7
2.8418050146850657e7
2.8734126417698056e7
2.8938060502053913e7
2.9250180642042734e7
2.9534814360094152e7
2.9753618645463206e7
3.0045460708720744e7
3.0205113275371537e7
3.0222354422038082e7
3.036473378821683e7
3.0550980563955154e7
3.077530811186393e7
3.0965959870907128e7
3.1289225690785546e7
3.1429397217192393e7
3.1773738188121635e7
3.199497479715701e7
3.218983239946348e7
3.243762588679219e7
3.264810443091852e7
3.2610659743118934e7
3.267497254095971e7
3.2675687576590903e7
3.2644806630016208e7
3.2578086208102338e7
3.2680186077286884e7
3.2621045767115448e7
3.2660527461235665e7
3.2724853233538166e7
3.2832598070677526e7
3.292444489239212e7
3.302096466110812e7
3.2958375358151305e7
3.2953350631169073e7
3.3157270135039207e7
3.307722382247461e7
3.345484507906626e7
3.3459490398445394e7
3.374716794794216e7
3.371905343301486e7
3.386210764308658e7
3.396508467231063e7
3.414242084539808e7
3.427046065865886e7
3.450096036024348e7
3.466865004800285e7
3.4633845008678064e7
3.477868233119863e7
3.488273796279406e7
3.481640078284681e7
3.487525161848502e7
3.499679428967224e7
3.500757357085732e7
3.484519607498799e7
3.461848829837641e7
3.4565318685861915e7
3.449707794412414e7
3.450245479895161e7
3.444519457587312e7
3.4501950473186456e7
3.43853962095203e7
3.45159160865089e7
3.435977697598966e7
3.4252808363245465e7
3.3861049254586555e7
3.3814849842600666e7
3.3776407233455405e7
3.359559352112379e7
3.3537157656145386e7
3.367546698279403e7
3.3468838105009083e7
3.3534391515163552e7
3.3525122667853832e7
3.374837796691794e7
3.378401183210133e7
3.365354158497577e7
3.377988081731833e7
3.401016014831063e7
3.3883094111529455e7
3.394335811784639e7
3.380352848728659e7
3.3388531529036015e7
3.3461918629537873e7
3.3340989750390988e7
3.354597899518558e7
3.3324572264497105e7
3.3294025942536857e7
3.308092278456224e7
3.3039350156375207e7
3.2943944403526306e7
3.299059806907931e7
3.2983637349624276e7
3.2960968889690578e7
3.2832444068861265e7
3.2600314516704313e7
3.2439799793182366e7
3.2425970149656158e7
3.2308008288984843e7
3.2114219702872097e7
3.213210116399935e7
3.209195445989837e7
3.2013829536366366e7
3.209056101899505e7
3.1924402767148588e7
3.193145938466617e7
3.2020905985237416e7
3.1969409856348593e7
3.2033586560029674e7
3.217695223483973e7
3.2188755059045326e7
3.214941207543862e7
3.2180339641296946e7
3.227806785804932e7
3.225930274649484e7
3.225815045867316e7
3.2370557242411517e7
3.238577838060902e7
3.251468032936761e7
3.2422197714575693e7
3.234457677080297e7
3.2399504694813307e7
3.2434419296762217e7
3.2237089621742517e7
3.2210691784131505e7
3.231950217119282e7
3.2512532153571986e7
3.2646849304137025e7
3.269486590412689e7
3.285348821996337e7
3.293529390084579e7
3.3276170393634196e7
3.3515445188622843e7
3.357314763678815e7
3.3960661868344344e7
3.3936890762104586e7
3.426275528741775e7
3.448943763874995e7
3.460485157780753e7
3.484774348316018e7
3.4742286946047485e7
3.459526636642794e7
3.4674369575772315e7
3.477954165094717e7
3.473628252074928e7
3.478258120419889e7
3.5018078788769506e7
3.5001984389300644e7
3.506124668221391e7
3.5019981517117515e7
3.50651595271632e7
3.515633402580852e7
3.520811772310783e7
3.513170245153436e7
3.5232944094314486e7
3.51657866850646e7
3.506543442259068e7
3.51487270369668e7
3.512653920113127e7
3.5247205974831e7
3.5276457126653336e7
3.519124665629576e7
3.514993406261936e7
3.491754764102414e7
3.491688478547918e7
3.483764404646094e7
3.499011280846252e7
3.469859786311078e7
3.4581566907192625e7
3.463550960385648e7
3.4556518811056286e7
3.449484829805484e7
3.4573723566091195e7
3.449705670780053e7
3.434294210991447e7
3.424400226560782e7
3.4090613920298174e7
3.392336824067117e7
3.367970659513666e7
3.3538803426775634e7
3.334707449618547e7
3.3276726602086086e7
3.3047777163737047e7
3.2971586378417034e7
3.2698705998488948e7
3.2651916370975755e7
3.3071491862418573e7
3.2940575157469206e7
3.2792502377130434e7
3.2775158616301116e7
3.281107290874779e7
3.2795908726302642e7
3.302031155568824e7
3.279942831220073e7
3.2904172996912815e7
3.2841620601657238e7
3.2506410522644144e7
3.252408230271148e7
3.2420109412330803e7
3.2474171872596342e7
3.2495510473046098e7
3.2496560195179287e7
3.263171988841278e7
3.2703049071288466e7
3.266268185692437e7
3.25380274766374e7
3.2591798237381045e7
3.230257477743313e7
3.217751471712538e7
3.214726880750435e7
3.1964272364771597e7
3.1778264753343284e7
3.1534128883073192e7
3.127458475060276e7
3.1335206296257917e7
3.139391605968818e7
3.137304366550928e7
3.127843465625784e7
3.136530226542193e7
3.1498559117804524e7
3.1290259360587947e7
3.1378804982635003e7
3.1401635640908133e7
3.128601460251072e7
3.1110430358073644e7
3.0851364949954666e7
3.0530356843473896e7
3.0520481478711404e7
3.047926111572097e7
3.0255360946353983e7
3.0293602947862435e7
3.0052283152574442e7
3.009984090592528e7
3.0052486164308112e7
2.9916372203046642e7
2.9932848151668623e7
2.9674539076753013e7
2.9678774646584455e7
2.9715942481290802e7
2.9792792480272222e7
2.960883315519311e7
2.9718064896604277e7
2.988731340719894e7
2.9889491282214396e7
2.9790472630937673e7
2.9989531605231818e7
2.9868244335785724e7
2.975862472997776e7
2.9786635137218576e7
2.981755212458532e7
2.9833000328062974e7
2.9979647251057874e7
3.0044965364069007e7
3.0232982687889062e7
3.0124465345470246e7
3.0252594048632693e7
3.022647392452646e7
3.0289171409296934e7
3.0294180593230624e7
3.025940023507562e7
3.0497254189616032e7
3.0280509404958285e7
3.026743693020791e7
3.033568352401792e7
3.0320188438951414e7
3.0100260546127677e7
2.980818785652713e7
2.9519994876296714e7
2.8949557576222185e7
2.8870059368808933e7
2.8857703029406603e7
2.8797151762021344e7
2.859021141454061e7
2.8302735855041943e7
2.8102314137671895e7
2.7991788914745316e7
2.7926492091793332e7
2.7891696075054366e7
2.7833492089373697e7
2.781255176644503e7
2.778088062487389e7
2.787574233012733e7
2.7943929005405582e7
2.8017700299202174e7
2.7995692895387042e7
2.7966064433077727e7
2.812345054475992e7
2.824371065029833e7
2.8185958435893804e7
2.827864790731516e7
2.835630526990708e7
2.8431894124684766e7
2.8390125038558796e7
2.8225896836890016e7
2.8523432117150858e7
2.868404614518982e7
2.8222798937851116e7
2.8193231419716597e7
2.8081695580926944e7
2.7871866416573767e7
2.781943091028363e7
2.790686704801571e7
2.7751191118388172e7
2.774631908786203e7
2.7858902062016867e7
2.8046806024899375e7
2.805143557252509e7
2.8275849194838732e7
2.8141182913381103e7
2.8457653930483468e7
2.8535596510260597e7
2.857078979171403e7
2.853853332466733e7
2.8496902412847754e7
2.8348959962839164e7
2.83944618515397e7
2.8369037158532135e7
2.8102253419130795e7
2.79087494850514e7
2.766221132998843e7
2.751710819458348e7
2.749243156595047e7
2.7386927030349668e7
2.7406141204269405e7
2.74784257335181e7
2.725944027732056e7
2.71391423911514e7
2.7207108742061548e7
2.6997425333596956e7
2.6701727130092315e7
2.6647992629776273e7
2.6292670893163573e7
2.637980299796447e7
2.6239445931901794e7
2.6070465069855873e7
2.6045094205274247e7
2.6192632008594856e7
2.616680027976966e7
2.6162822431218226e7
2.5934139609042592e7
2.6036707164792236e7
2.594338999072219e7
2.6051077514602087e7
2.612750833443419e7
2.626907342332964e7
2.6442337764370814e7
2.6500977311418656e7
2.6644331065002166e7
2.6695495355893876e7
2.6665185395253535e7
2.6616464295451187e7
2.6571288850692257e7
2.6575056016184874e7
