2.152517526196657e6
2.158285174500857e6
2.161868267692548e6
2.166981422139366e6
2.1708610700165243e6
2.176227863723272e6
2.182828845725601e6
2.190038193760688e6
2.197522352053378e6
2.201838650058489e6
2.2076380062384284e6
2.2135961753155757e6
2.221075892419271e6
2.2295454337676284e6
2.2356635257692486e6
2.2450711774009597e6
2.2535647718787813e6
2.2617728929817523e6
2.2692921766539197e6
2.2769907034993805e6
2.2864214121929123e6
2.295969578314243e6
2.3041140970105203e6
2.3139922964006e6
2.3240226783299334e6
2.3357156225106283e6
2.3459674190803147e6
2.355757002340415e6
2.3684154477631687e6
2.3814146655434305e6
2.391192830603307e6
2.405033065655344e6
2.4164373120299666e6
2.4282201713834e6
2.440224760592289e6
2.4546917970291944e6
2.469503546173825e6
2.483519473577923e6
2.500157340776973e6
2.515431085783098e6
2.5300969881669967e6
2.548636352567872e6
2.5682808933380917e6
2.585338456961486e6
2.6011450059112757e6
2.618713546030949e6
2.6394625776764406e6
2.6561278855083585e6
2.678724565883298e6
2.700718428798617e6
2.719897738591882e6
2.745519478444964e6
2.768502910782837e6
2.793267782182426e6
2.81582165184507e6
2.8376870799565404e6
2.865482294349237e6
2.886728087685991e6
2.909384005108614e6
2.9365075904772445e6
2.9601809419457014e6
2.9905389887372353e6
3.0227730790961413e6
3.0511180699359733e6
3.077260708649761e6
3.1062990572687606e6
3.138025433091892e6
3.165539207594679e6
3.202926870450208e6
3.2348248595298994e6
3.272090519614322e6
3.305791648393433e6
3.3405417974830368e6
3.3791206708251033e6
3.415410684212423e6
3.4485315593330003e6
3.480373000416178e6
3.5163485278668953e6
3.5543088694534856e6
3.591463104888822e6
3.629500428451968e6
3.6768693330506547e6
3.713651387750487e6
3.7567572122611445e6
3.803065792031538e6
3.8532193447090397e6
3.899132055393797e6
3.945002046982728e6
3.9913101626345976e6
4.0451362021562387e6
4.101957205771426e6
4.155568467350932e6
4.207018928405999e6
4.266610317102109e6
4.311450938279795e6
4.37063563998768e6
4.428877188974672e6
4.482032682836941e6
4.5419828674947545e6
4.618731434020601e6
4.671320406797168e6
4.7352837684275415e6
4.795951366720943e6
4.867283809571849e6
4.935227809902227e6
5.015086373450859e6
5.091747458560605e6
5.176444966187504e6
5.250671697011813e6
5.3238265584819885e6
5.4158632347951615e6
5.506183217016348e6
5.594226049804059e6
5.672737241110275e6
5.770355819551093e6
5.848296319010664e6
5.93923455156601e6
6.033113923334495e6
6.115657235293896e6
6.219816122794839e6
6.332101799624448e6
6.421805470722683e6
6.53911567259095e6
6.650587262275049e6
6.759991672693696e6
6.912275465427763e6
7.006721053283133e6
7.12919106088834e6
7.280747486442912e6
7.421024312997752e6
7.576178091581095e6
7.69926890846513e6
7.826456710938675e6
7.98820233119581e6
8.163581112088548e6
8.342280522110252e6
8.502050203981543e6
8.693261763599586e6
8.88179435824142e6
9.092129731894616e6
9.274384427932112e6
9.462627168916158e6
9.608368785729771e6
9.782859166312078e6
1.0013381098412003e7
1.0218190740925435e7
1.0388654795489255e7
1.0611101635396864e7
1.0780398958796091e7
1.0988624156320093e7
1.1192022526061783e7
1.140398668367598e7
1.165357817969889e7
1.188918619063192e7
1.2159140515710453e7
1.251137621457562e7
1.2783863097996058e7
1.3082157472698482e7
1.3361435105374128e7
1.3636561713144926e7
1.3903810072850008e7
1.423086301935255e7
1.4450494487347124e7
1.4667173543683315e7
1.494535694474674e7
1.5189951193401769e7
1.5434935907066302e7
1.5677062495011942e7
1.588273967445844e7
1.6197788754018532e7
1.646399472628971e7
1.6725282621382691e7
1.7034857119670965e7
1.732704699373012e7
1.760108717127108e7
1.7941557047643777e7
1.825908372639416e7
1.847726222844266e7
1.884739921110505e7
1.9086173483230766e7
1.9377638038054854e7
1.9645983404304963e7
1.9832057588504553e7
2.009350677966321e7
2.037705746119975e7
2.0636513209683545e7
2.0834418271018866e7
2.1098291983984787e7
2.1392532900209527e7
2.16230219043414e7
2.1824567495807953e7
2.213197720906665e7
2.2478610003619485e7
2.2600609388565905e7
2.2861789661983546e7
2.306667312955129e7
2.3253604746198364e7
2.3518743613275073e7
2.3642080288839564e7
2.398508915761412e7
2.4223175086528957e7
2.4524242636910226e7
2.4800110032177635e7
2.509282921993687e7
2.5360520573719926e7
2.5542995950424716e7
2.5829237189842977e7
2.605947522986775e7
2.6138364987744335e7
2.6488389059104487e7
2.6604589485020548e7
2.6793997605347134e7
2.6969440008963488e7
2.723264584079923e7
2.7503419922545437e7
2.782020596956329e7
2.8104673745378546e7
2.848597621314771e7
2.878382610261046e7
2.907343233759369e7
2.9305883601752136e7
2.961145336465078e7
2.9797309229803573e7
2.9835409921226837e7
3.0050798119020253e7
3.032618281959534e7
3.059094067388265e7
3.0862793972375315e7
3.1113685703506242e7
3.1330330692438383e7
3.1616110729166992e7
3.1751128971885864e7
3.198933748791691e7
3.2019299166898996e7
3.2045323105197053e7
3.236114565345459e7
3.2677144815160383e7
3.288115555833082e7
3.2954318490919154e7
3.313204718533209e7
3.336062753110754e7
3.362931436284681e7
3.3965254264707394e7
3.4082522831432685e7
3.430652296259188e7
3.42579711797846e7
3.443221749421549e7
3.460256560246592e7
3.463394845920001e7
3.494446470968717e7
3.5153750114811845e7
3.526199482995932e7
3.5429338826152235e7
3.54793996462547e7
3.583770759744779e7
3.594517187238538e7
3.604628046482694e7
3.6214817691054136e7
3.6381813540172204e7
3.630922957473874e7
3.645990297633844e7
3.663879303171308e7
3.675012363599176e7
3.675515967728102e7
3.681463611455121e7
3.7035932284795895e7
3.731530725379435e7
3.730604476125843e7
3.776094475831392e7
3.781445493626792e7
3.809592562990353e7
3.825734782894288e7
3.823757091193366e7
3.835407127555066e7
3.8446160858089544e7
3.852899424569986e7
3.862952787485876e7
3.858544856885203e7
3.88161891331418e7
3.89241449330336e7
3.905104161655589e7
3.9015353727813765e7
3.906911320631738e7
3.937324351378855e7
3.951131014095749e7
3.978501150281231e7
3.995077731599858e7
4.021577523218481e7
4.053539724854851e7
4.0531393858561695e7
4.046154270308074e7
4.054886973173606e7
4.0483968301877595e7
4.075562064694747e7
4.0782680447779305e7
4.0701486215649344e7
4.0774877556159146e7
4.095610602190111e7
4.089417507433529e7
4.0943408526304305e7
4.074706447109038e7
4.0797784805922866e7
4.082932122567613e7
4.0881224205972455e7
4.0895179811082006e7
4.0770844251770265e7
4.0947898081346735e7
4.0976976553269185e7
4.101990912165889e7
4.089428325600234e7
4.093593146761467e7
4.083557423801467e7
4.080757354029548e7
4.052078228721708e7
4.021620763155263e7
4.036373953331739e7
3.998819224280509e7
3.97855902101237e7
3.9666556524822876e7
3.942928848114463e7
3.92870494291407e7
3.902836902573059e7
3.892814584416633e7
3.891363160490835e7
3.868637523435912e7
3.866823213280813e7
3.882314468041732e7
3.8807136026277356e7
3.875479774598283e7
3.88734281031483e7
3.9124856333773814e7
3.942441644579536e7
3.943077805739195e7
3.953846238856142e7
3.963592446725099e7
3.96277429909008e7
3.962788612251734e7
3.944586199652813e7
3.923642726825821e7
3.929568314747977e7
3.927620380763504e7
3.916732627143428e7
3.8934686230787754e7
3.879703606213545e7
3.86350696901583e7
3.8402560192636676e7
3.827105261051181e7
3.811884794866585e7
3.796437085062797e7
3.786140957423745e7
3.8027629383155264e7
3.819188427288788e7
3.79788457340795e7
3.8190383317917496e7
3.831103400690458e7
3.836790647951907e7
3.84997032766644e7
3.8646466312496305e7
3.8518886944824375e7
3.836451570992559e7
3.8321070544775575e7
3.8536953249951184e7
3.842195805584802e7
3.844839938311982e7
3.849468017895496e7
3.8586265455867335e7
3.8513216709228344e7
3.8710661735131055e7
3.873501528576102e7
3.877994978443042e7
3.8770153835759856e7
3.864429596762061e7
3.851480527892606e7
3.8763363059918694e7
3.871336364899593e7
3.8807600021179825e7
3.883212465211719e7
3.8965256358563185e7
3.92582386317434e7
3.937043168842165e7
3.931101797077033e7
3.916897349240858e7
3.919456991871017e7
3.92650092591256e7
3.9223431469799675e7
3.9243373589738674e7
3.916479887777817e7
3.887370976980421e7
3.906026849735069e7
3.896246988078504e7
3.8947535353307836e7
3.8983101564198956e7
3.8822852149741285e7
3.877538608057878e7
3.860778149640289e7
3.882506701325818e7
3.8474081679332696e7
3.869165505634185e7
3.8972857991325215e7
3.907034884933159e7
3.9312393692977205e7
3.96547552768539e7
3.972003707006321e7
3.981382851170388e7
3.9942234326454945e7
4.011268114119942e7
3.994460153254917e7
3.9835172299725495e7
3.973319982991956e7
3.93708514884955e7
3.908606858583579e7
3.901906355808292e7
3.898699797904199e7
3.895072567278336e7
3.878103875905632e7
3.8349033861074306e7
3.806978436781194e7
3.772637617334687e7
3.737850837217926e7
3.709895751103782e7
3.6808491731748275e7
3.670398076259635e7
3.649345340043523e7
3.629530568150127e7
3.5992681351043805e7
3.571634233238639e7
3.56142342869379e7
3.5249257898393475e7
3.502830033344274e7
3.48802242589604e7
3.512062640957308e7
3.479047953287959e7
3.458983700386035e7
3.445237104840591e7
3.4490154413085185e7
3.4451082715391025e7
3.429144695895314e7
3.456657432014617e7
3.4535171431190476e7
3.46424500017375e7
3.436415537332475e7
3.4601157443117104e7
3.440094095326754e7
3.4471536572745726e7
3.446211481528585e7
3.454895741662488e7
3.451975304520522e7
3.4762510919404015e7
3.464119319666241e7
3.473528753394346e7
3.465603870430346e7
3.457772792775697e7
3.449810442360773e7
3.461651263316781e7
3.4705720009453155e7
3.465931171065842e7
3.5058327428345695e7
3.505417822669079e7
3.529907698474556e7
3.53601357176672e7
3.575255670995016e7
3.5710830592412755e7
3.577519923137656e7
3.578889318056642e7
3.6028359189594895e7
3.578160905665643e7
3.58943116900004e7
3.5920122707188845e7
3.610841879492168e7
3.589429551642256e7
3.585665476548719e7
3.597417975380087e7
3.603518394809877e7
3.608102443013669e7
3.6086610508357726e7
3.6110227094091184e7
3.603833119638894e7
3.596446190466427e7
3.5847687539919384e7
3.555636896145093e7
3.5309162410304785e7
3.514281647876752e7
3.488571537413604e7
3.464117969271896e7
3.440082306835292e7
3.4036625984121874e7
3.387733207240895e7
3.401958581824035e7
3.371406331484125e7
3.379563679889109e7
3.370671792228738e7
3.330901851222014e7
3.3118800410667133e7
3.2677137199371766e7
3.2648895076339256e7
3.2384530073399834e7
3.2129700173588376e7
3.2054517431617748e7
3.163225439146812e7
3.150954246976046e7
3.1282243889236655e7
3.1113103910575368e7
3.087717812019258e7
3.0694314211394917e7
3.07358987973273e7
3.067960185141847e7
3.0350205453643195e7
3.0368707106936127e7
3.012692980726957e7
3.024142953234503e7
3.0396911021257807e7
3.0500642003772005e7
3.0623528453192852e7
3.079948407148611e7
3.0681859167522073e7
3.0695893979914077e7
3.1126654058687735e7
3.1265263930648845e7
3.1367362835061975e7
3.145802897278956e7
3.1760153980079796e7
3.1803841224454336e7
3.208190692368783e7
3.19984502187618e7
3.1807950451165482e7
3.1827330391673084e7
3.1772484259903736e7
3.1908233439958904e7
3.1610851990412895e7
3.1482872304203846e7
3.1422734457700126e7
3.1377028769011986e7
3.1363976332747884e7
3.1027732187347505e7
3.114007520790384e7
3.1032207504313264e7
3.1252519283390507e7
3.1261652867331814e7
3.101754202177441e7
3.1100308547298435e7
3.1089220219429296e7
3.102180249830079e7
3.1006997945611417e7
3.1062923783637058e7
3.0862777480548453e7
3.076339937339967e7
3.0590566524938982e7
3.0351701836600117e7
2.9867859568752766e7
2.988359145383603e7
2.9892957196697675e7
3.0075868948414497e7
3.0136633990325462e7
3.0423531820328694e7
3.0400575541404992e7
3.040425809567107e7
3.040722252185592e7
3.030710912731718e7
3.0192767333280616e7
2.995976335890959e7
3.0056209441974863e7
2.9872729987237953e7
2.9553200503268853e7
2.960535253662285e7
2.9429843769573204e7
