0.0005200385976927693
0.0005192807215305513
0.0005186646240237574
0.0005179271488479411
0.000517358383077138
0.0005165945766332122
0.0005158131449238642
0.0005148909242450467
0.0005140368450619175
0.0005132927936405266
0.0005125911237720017
0.0005118702892857
0.0005110519316389583
0.0005101262063400363
0.0005092609709549881
0.0005082794582234308
0.000507240628953189
0.0005062005893251918
0.000505319312698098
0.0005043057699417033
0.0005032114006321102
0.0005021823713579132
0.0005011375409071587
0.0005001624040281856
0.0004990677448109057
0.0004978421424491146
0.0004968375977415062
0.0004957831856441605
0.0004945071141299705
0.0004933189299550472
0.0004921762423213509
0.0004909262250721012
0.0004897530997766535
0.000488551338319503
0.00048743619163366613
0.00048602522851626424
0.00048466965785065965
0.00048333964315254706
0.0004818400809988529
0.0004805420812130685
0.00047923050448169213
0.0004776933729352459
0.000476169628938037
0.00047480904791982325
0.0004735345051358939
0.0004720676744792371
0.00047054305273900595
0.0004690400310696218
0.0004673301348647638
0.00046572281881805775
0.00046415305316777755
0.00046235292583933816
0.00046063283988929634
0.00045885657762549615
0.00045728612292064605
0.0004556984730361538
0.0004537509671070961
0.0004522513091481983
0.00045066535122509626
0.000448779864195283
0.00044728270763686324
0.0004455094996332736
0.0004434968584675815
0.00044169634610522493
0.00043997721685692573
0.0004380446449072761
0.00043612480805782077
0.00043444469833220416
0.0004323945182475155
0.0004305656048124287
0.00042843034448548017
0.0004266012521597943
0.0004246823626085449
0.0004226513309399961
0.00042073271836374403
0.0004189156529880631
0.0004171688171581628
0.0004152431890179783
0.00041332023132210883
0.0004114512032056201
0.00040955406232398925
0.00040725955285665644
0.0004053992605987189
0.0004034228485779057
0.00040131029387923436
0.0003992007752704085
0.0003971530443824243
0.0003950928985808015
0.0003930038961198788
0.0003907395966470292
0.00038841467984889377
0.00038620940380828465
0.00038407717878497367
0.0003818032376322722
0.0003798603828883321
0.00037758077530602373
0.00037537812357332133
0.0003732760168730572
0.00037108741137112963
0.0003684748748670102
0.00036649355262792456
0.0003641470199483974
0.0003619485690710146
0.00035959613534274174
0.0003573315830490125
0.00035489102990791396
0.00035249664284847437
0.00034980939116454127
0.00034758217141382
0.00034530934919018287
0.0003427253562456237
0.00034022548492940554
0.00033783242620389817
0.00033566852018244195
0.0003330735946279285
0.00033096708324675795
0.00032863408216071813
0.00032627062995295203
0.00032413864302900674
0.0003217722529781689
0.00031931350463817575
0.0003171814360513284
0.0003146984945284065
0.0003123334104090882
0.00030997351319088357
0.00030705521626344317
0.00030500593176945306
0.0003026717271757567
0.00029988878060662464
0.0002973664738990334
0.0002946575300555165
0.0002924756219523619
0.000290196141903078
0.00028772970090502935
0.00028501746650086066
0.0002823552588114963
0.0002800398187480356
0.00027739252664194403
0.0002748160721043229
0.0002720527636908772
0.0002697147461309351
0.0002672970361125837
0.00026526958653211655
0.00026309639508791056
0.0002603435294543812
0.00025805287698092217
0.0002559838863800625
0.0002536225992719755
0.00025171380669928054
0.000249525904529418
0.0002474254076199904
0.0002453334709132764
0.0002428749198736028
0.000240646626336369
0.00023818215473063762
0.00023533805913878675
0.00023306040090533348
0.00023063266363198596
0.00022852443322122058
0.00022634413023292393
0.00022435295782464475
0.00022209094789446424
0.00022042302959379128
0.00021873781949370235
0.00021673520694246036
0.00021507186049895958
0.00021329110615119328
0.00021174377231552487
0.0002102603597355764
0.0002082589133613458
0.00020666560813922385
0.00020499753417727338
0.00020324809547924268
0.00020153505310688638
0.00019996231123835408
0.00019807560683174615
0.0001964927531787755
0.0001952166362660006
0.00019338844250438794
0.0001921576590779184
0.0001908329770086222
0.0001895897762518176
0.0001885385968084897
0.00018730359754746167
0.00018595996104327003
0.00018477053891037944
0.00018358995130722785
0.0001824059523689162
0.00018111451141730557
0.00018005270899073157
0.00017910892082733185
0.00017785210520884556
0.000176480876138718
0.0001757811341828949
0.00017469125252937465
0.00017376828323459537
0.0001730195371906845
0.0001718968578723503
0.0001711983694257694
0.000169957535375227
0.00016903561906366608
0.0001679194575529796
0.0001669307140059981
0.00016593698702242006
0.00016499419571595317
0.0001641842566880655
0.00016320279174561158
0.00016246472001985027
0.00016195639320313357
0.00016088049551963435
0.00016032234140040918
0.0001596416824523795
0.0001590218433851736
0.00015821271792567417
0.00015738172873301965
0.00015652374410317116
0.00015570596159292908
0.0001547278202738675
0.00015394888976343128
0.00015308920359445496
0.00015241736661820583
0.00015161045663804776
0.00015103555525275178
0.00015065191525120788
0.00015004572893902738
0.00014932981953711647
0.00014861488697011838
0.00014787918978810682
0.000147212077523052
0.000146662904498206
0.00014592834822975797
0.0001454366375851078
0.00014481230317032939
0.00014444349111437927
0.0001441248184829716
0.00014340499193581606
0.0001426993076141015
0.00014219922760406198
0.0001418587486115414
0.00014137672119423367
0.00014081733790504078
0.0001401443900865424
0.00013941416231554477
0.0001390173211595155
0.0001385076747733585
0.00013831982752883224
0.00013783235703613574
0.00013745951959786383
0.00013721736657178925
0.00013665545432097574
0.00013612119531059689
0.00013574951813807618
0.0001353416075421558
0.00013507582942234167
0.00013444547407294005
0.00013410899920756415
0.00013374945861412512
0.0001333306503031019
0.00013296984693153172
0.00013280707151265764
0.0001324507763895354
0.0001320221489809377
0.00013167551589467134
0.000131479433627921
0.0001311862678243247
0.00013074163639432987
0.00013027941671602412
0.0001301149051233759
0.00012942321149196528
0.0001291627478671256
0.00012870825604448434
0.0001283193281921632
0.00012824536515679714
0.00012797916030550071
0.00012763598225555269
0.00012735119907553483
0.00012710350408008339
0.00012701441554793935
0.0001265923483740497
0.00012629690016883728
0.00012598133422697387
0.00012584871131308324
0.00012561955089558465
0.000125164698441448
0.00012483077672701719
0.00012438851687056205
0.00012401153121622426
0.00012350897233385168
0.00012300299127996167
0.0001228671946356085
0.00012273977076382233
0.00012253583192628676
0.00012245203672497235
0.00012204669766832848
0.00012191171645307806
0.00012183445865380307
0.00012161108747145536
0.00012134794993427812
0.00012128364974923262
0.00012114283548611057
0.00012116887175403765
0.00012090777646221766
0.00012072440112633247
0.00012052073069775853
0.00012032856613864228
0.00012030576256169244
0.0001199698790754775
0.00011979599641640367
0.00011958262005621337
0.00011949820144080559
0.0001193108335650592
0.00011927853131348285
0.0001191581400277777
0.00011927273571804847
0.00011940633570942203
0.0001191288699925188
0.00011935043542426004
0.00011937518714785914
0.00011929842357623104
0.00011941189215021517
0.0001194120780850085
0.00011956703979931925
0.00011947943859115547
0.00011938536315193446
0.00011950021492141337
0.00011940932676432288
0.00011908577104581402
0.00011893714409715729
0.00011882512822847209
0.00011851062221861745
0.00011817326666085495
0.00011769814814682029
0.00011757175264688765
0.00011731694292203297
0.0001170910265604365
0.00011700627354458813
0.00011687595010853068
0.00011688738754512671
0.00011700124744418445
0.00011682977300641444
0.00011676445163318694
0.00011671220060635869
0.00011678308976432015
0.00011679739494844251
0.00011680762823649808
0.00011691823591940281
0.00011694619396689828
0.00011696651754891768
0.0001169602292312776
0.0001169592272625698
0.00011668160059902839
0.00011637785787309723
0.0001164191070415414
0.00011604720311798971
0.0001157488081729386
0.00011559337845783784
0.00011529417304866638
0.00011509884988701977
0.00011510742130467254
0.00011500396941258005
0.00011488823326850692
0.00011457377252069237
0.00011461812294401144
0.00011450194276874496
0.00011435602308706656
0.00011421544291590707
0.00011417731190316503
0.00011385245538221602
0.00011373815398290438
0.00011356337387570463
0.0001134316901827502
0.00011340280678055242
0.00011342815343353069
0.0001130632914752945
0.00011302030722781945
0.00011287781774093695
0.00011278268132119348
0.00011255209180526536
0.00011211844367004329
0.00011187906577102998
0.00011179198601774886
0.00011178300149127187
0.0001116350013654398
0.00011150630927113316
0.00011142165202299133
0.00011128884525861337
0.00011128015985149836
0.00011141120987213971
0.00011116051769879975
0.00011115932387148781
0.0001111106847371806
0.00011101398640917048
0.00011106138917433456
0.00011103294744416124
0.00011109829672582106
0.00011078500357066533
0.00011100406657720601
0.00011070003854325884
0.00011032702442443488
0.00011012894234879092
0.00010982811968271509
0.00010940507246841782
0.0001093026421011498
0.000109078629993542
0.0001089190946789189
0.0001086583040888496
0.00010873585830227141
0.00010873913390824939
0.00010868196482609772
0.00010896048729530933
0.00010911630231465538
0.00010910283228232245
0.00010904584614400379
0.00010898173827837097
0.0001090640436963899
0.00010938426540696199
0.00010958497126190117
0.00010981687810793758
0.00011004528846729747
0.00011020928672626089
0.00011038618641901244
0.00011033319107328004
0.00011046579715960853
0.00011058704304955514
0.00011085055828623176
0.0001110556898947606
0.00011109297729013135
0.00011134839682173662
0.00011150109343782778
0.00011157748228896295
0.00011124121005625035
0.00011149885094003876
0.00011155035629451754
0.0001115929139552499
0.00011148165859161095
0.00011144140365507282
0.00011148415823465278
0.00011110498367184999
0.00011103222872043576
0.00011079913506765249
0.00011099039944977406
0.00011066510267865013
0.0001108555462616673
0.00011066057299543838
0.00011058702348517594
0.00011042256192578454
0.00011038185319423729
0.00011002860037499178
0.00011002487012076051
0.00010988940225976244
0.00010992498828831359
0.0001098873541329987
0.00010989931428383214
0.0001096771372699242
0.00010949838121283273
0.00010938950476834532
0.00010891236141439852
0.00010879534323878664
0.00010843399636133778
0.00010823790479117132
0.00010775553545953998
0.00010771241657200107
0.00010755044638111583
0.00010746362271587966
0.00010713977924922409
0.00010731216836354915
0.00010705293716114805
0.00010696601894333992
0.00010670627221720824
0.000106856592917146
0.00010679548516398514
0.00010660515755502965
0.0001064956682060935
0.0001063765475289356
0.00010633402106310226
0.0001062614222697987
0.00010629492446108301
0.00010623124887026075
0.00010623449076062806
0.00010646134893873451
0.00010663397044761722
0.00010671388513240401
0.0001068869671048756
0.00010706179406181218
0.00010713217643820048
0.00010741036753632035
0.00010746265469227268
0.00010720965988873484
0.00010745492433958227
0.00010727778181174364
0.00010717716449906512
0.00010754974100951892
0.0001076503171438784
0.00010805395837230231
0.00010797930855706817
0.00010812612917086494
0.00010834447262859638
0.0001083488243841334
0.00010872110428140016
0.00010878102855596041
0.00010894894760050677
0.00010906438204290355
0.00010927316086440635
0.00010942121589381637
0.00010931699545760551
0.00010930139057964129
0.00010964017090959472
0.00010953498261226126
0.00010977172251828963
0.00010959140206844504
0.00010936266072030585
0.00010911379202709667
0.00010891218399869675
0.00010863511106059339
0.00010867650274221364
0.00010854859091020176
0.00010797614591495969
0.00010771919976764197
0.0001075883225393707
0.00010735992780656283
0.00010699070058296571
0.00010684462049536071
0.00010642420735193081
0.00010641940024463743
0.00010654776295957537
0.00010644235268650971
0.00010646160134824026
0.00010624049785481228
0.00010654453501450285
0.00010661835312321321
0.0001065734903644233
0.00010654038721671871
0.00010644183795048132
0.00010666817550139283
0.00010649695946536374
0.00010646284828370795
0.00010615488818322007
0.00010604430439561882
0.00010624986343087541
0.00010602596284440147
0.00010592311884002271
0.00010594193516436798
0.00010591534989382377
0.00010577930652748249
0.00010592022598069123
0.000105990432879564
0.00010607267160688965
0.00010627675876604816
0.00010677361883818185
0.00010668084642034136
0.00010659557620317071
0.00010629013476133419
0.0001061444941065502
0.00010572094651871349
0.00010564368747516175
0.00010553535845689173
0.00010545747415821141
0.00010548388270847163
0.0001055569908577634
0.00010575478952344175
0.00010561149647982056
0.00010570664322843247
0.00010602560743622098
0.00010596331350883731
0.00010606710615256666
