0.00047176411363037215
0.0004677767471907017
0.00046368109953893625
0.0004598121846985191
0.00045531890559093587
0.00045055522683202327
0.00044590216899269557
0.0004414916520315441
0.00043643784588580955
0.0004314236363778657
0.00042665934321083987
0.00042149594146429886
0.00041626951641912814
0.00041054168253274066
0.00040506570576019055
0.00039946167639284336
0.00039386831482667175
0.0003880564994831961
0.0003823448306919094
0.0003762688263390471
0.00037069258499029437
0.00036479815328582853
0.0003587432599580128
0.0003524707326732317
0.0003463519477797742
0.0003403062932933293
0.0003345138136151426
0.0003285795404519406
0.0003224851746222755
0.00031638303541716887
0.00030989907045081893
0.0003037189197385917
0.00029746214072744366
0.00029106212989917364
0.0002847430109883187
0.0002787541182512424
0.00027260951109813305
0.0002664525398777153
0.00026055404760095955
0.00025479134696449607
0.00024886231246766207
0.00024311734049551722
0.0002375582288595889
0.00023190578509063635
0.00022621453466160175
0.00022081918363942824
0.00021552887150825279
0.00021025045791454533
0.00020496413764396174
0.0001999289212026044
0.00019509831847761285
0.0001905344205220555
0.00018590086424544457
0.0001815081863441104
0.00017762402402675805
0.00017315074491877923
0.00016906046666446143
0.0001650389501612423
0.00016134743962503838
0.00015742946800077228
0.0001541473460756947
0.00015055013366099327
0.00014717017444333227
0.00014383222211845355
0.00014075512523300583
0.00013790128019867598
0.00013477757800672754
0.00013223728424193994
0.0001295576891626238
0.00012655250256466476
0.00012366375767807803
0.00012091821419273155
0.00011827009848847657
0.0001157220754096173
0.00011299950098683113
0.00011098638170399244
0.00010876751829284022
0.0001069843695812956
0.00010537196760305614
0.00010365292726274657
0.00010186859173708855
0.0001000925162621902
9.836855122392755e-5
9.673723069720718e-5
9.525288309841455e-5
9.346942320011615e-5
9.195917415444017e-5
9.033501599784645e-5
8.853975852848757e-5
8.743519393229492e-5
8.606295981451749e-5
8.497010463799512e-5
8.375297289884754e-5
8.276532768581597e-5
8.175830197307366e-5
8.049659075518739e-5
7.955421593779806e-5
7.902472304896489e-5
7.804067967020756e-5
7.722123013424135e-5
7.637728409088809e-5
7.530556549354e-5
7.452882540388823e-5
7.358827860859967e-5
7.280544627241547e-5
7.207887675735972e-5
7.12594014686124e-5
7.053001003843302e-5
7.001953053087866e-5
6.940557180895873e-5
6.890733712630414e-5
6.813304873187015e-5
6.745928877627608e-5
6.69342576735615e-5
6.645650434190521e-5
6.59699356327062e-5
6.55262806137329e-5
6.533125421685535e-5
6.520984400111511e-5
6.513679185409868e-5
6.465223311671474e-5
6.448200170384804e-5
6.405945580172115e-5
6.371851250175447e-5
6.35990227311807e-5
6.332222995645297e-5
6.329329038278252e-5
6.304993488204919e-5
6.28501839784886e-5
6.260127289485547e-5
6.241159493071938e-5
6.193744129980113e-5
6.201004789305273e-5
6.190614227017787e-5
6.182739701168866e-5
6.189240506462217e-5
6.160491075062543e-5
6.139891164473243e-5
6.108039196151204e-5
6.08396666010278e-5
6.063136064568427e-5
6.041282519629636e-5
6.058668683111753e-5
6.046443144117182e-5
6.042857369765499e-5
6.0390107398572345e-5
6.030066481692387e-5
6.017944011806684e-5
6.044833994394801e-5
6.056430574653726e-5
6.071114837781311e-5
6.081677411773053e-5
6.092566644617296e-5
6.109608628100635e-5
6.130989465120836e-5
6.141258454661169e-5
6.150587960882652e-5
6.162709402581658e-5
6.172095744367176e-5
6.15337222103614e-5
6.156421475209214e-5
6.1659301552901e-5
6.125695257274435e-5
6.0977807006153766e-5
6.082995986354421e-5
6.053101476292787e-5
6.018267357288064e-5
5.992912672000373e-5
5.999231846206303e-5
5.98188025252677e-5
5.980966899343337e-5
5.997277421287614e-5
6.001565601253809e-5
5.996436830965902e-5
6.018155693340786e-5
6.028833040430769e-5
6.0146416983010054e-5
6.0334485735366834e-5
6.027730695869357e-5
6.042251019017217e-5
6.042350053451263e-5
6.044938668654807e-5
6.0375479174776955e-5
6.021679281166248e-5
5.9956149032629235e-5
6.001803274995954e-5
5.994052133006588e-5
5.9978700890424475e-5
6.018597549079015e-5
6.0154956869432465e-5
6.0078490039943983e-5
6.014744979852345e-5
6.018238194828381e-5
6.0291867114355154e-5
6.030741088537741e-5
6.035579801209968e-5
6.048857091358817e-5
6.031363237820636e-5
6.025648219449863e-5
6.021492938383301e-5
5.9836483464146e-5
5.963298210004375e-5
5.9411610844854615e-5
5.9195577284813856e-5
5.917315913094936e-5
5.919980136300068e-5
5.915109971027129e-5
5.9195447735194025e-5
5.930381198046831e-5
5.934100626918096e-5
5.920754566028663e-5
5.931661039957851e-5
5.9110509381105636e-5
5.9006643004632704e-5
5.914132476645359e-5
5.909932869714712e-5
5.921933363243792e-5
5.905382758184296e-5
5.9054957520157565e-5
5.923345026926864e-5
5.884442419638034e-5
5.878965904925574e-5
5.8750207821796805e-5
5.878265354408271e-5
5.8917019202254985e-5
5.8876548136173275e-5
5.896086544179312e-5
5.885003775375319e-5
5.898561446213348e-5
5.8924412496916345e-5
5.9187738556992386e-5
5.9287871750235106e-5
5.939874526816936e-5
5.934468036238977e-5
5.941780346326299e-5
5.9524160587884944e-5
5.932121315656877e-5
5.932867761156947e-5
5.946963809152194e-5
5.9485790247203494e-5
5.9521241024753956e-5
5.971168170749817e-5
5.954346132688893e-5
5.9900872250546225e-5
6.010409865684458e-5
5.9909069375925366e-5
5.990494881599208e-5
5.9808495709845636e-5
5.967629949682698e-5
5.9618671661691716e-5
5.946078969078754e-5
5.9425558444316595e-5
5.950320924254431e-5
5.942350048967724e-5
5.950384356683444e-5
5.9581849996510003e-5
5.968712719951907e-5
5.956497843126388e-5
5.9732465540366324e-5
5.974492156093769e-5
5.974554761190769e-5
5.974998628239357e-5
5.9722621217103076e-5
5.9668038339793856e-5
5.953854547339842e-5
5.944315312471652e-5
5.918997916076412e-5
5.910732153268684e-5
5.8850289085608296e-5
5.868004881192757e-5
5.867041704267308e-5
5.847846681644967e-5
5.855348281073498e-5
5.859448315733149e-5
5.849221349623926e-5
5.83577975447314e-5
5.8261663972401024e-5
5.841304378593296e-5
5.837137592535211e-5
5.8392607579059465e-5
5.835752406689169e-5
5.8346168586757896e-5
5.840207623539562e-5
5.854953336487689e-5
5.845116412718835e-5
5.867499223332163e-5
5.87288674108194e-5
5.8751599568708416e-5
5.883737156958675e-5
5.920927368049652e-5
5.9070940645383845e-5
5.92914421671668e-5
5.95828400391107e-5
5.9622825020851576e-5
5.975621277616804e-5
5.986322947187583e-5
5.990751337850788e-5
5.991723875840331e-5
6.006269086230553e-5
6.00762926386199e-5
5.9898325002560856e-5
5.973834621454003e-5
5.9974143436407356e-5
5.980746642576419e-5
5.980338302981424e-5
6.001245057570909e-5
6.0074097887821426e-5
5.97717827491891e-5
5.988483889143457e-5
5.979410181741177e-5
5.9818876197273227e-5
5.957770869578021e-5
5.949134681668215e-5
5.938918500605828e-5
5.942571851493269e-5
5.927741910951669e-5
5.922549163791259e-5
5.908377223250818e-5
5.951253093036461e-5
5.913420417139555e-5
5.9073799624995756e-5
5.9024056996823476e-5
5.88272339438977e-5
5.897001089807202e-5
5.9085633166262795e-5
5.897448357624887e-5
5.9137954201467115e-5
5.8967645569250583e-5
5.88550332503927e-5
5.898691310646729e-5
5.908208077609948e-5
5.921383082759293e-5
5.936577284010787e-5
5.9662065305107925e-5
5.9747160427931684e-5
5.986481406740396e-5
5.9548730690743906e-5
5.970430312619264e-5
5.96854931279297e-5
5.9750570586725765e-5
5.962514129713654e-5
5.94726171825184e-5
5.950276651864014e-5
5.9511107177744896e-5
5.956899354254255e-5
5.9241414844022155e-5
5.923933506022915e-5
5.905346638246788e-5
5.937060651951667e-5
5.9221432115504526e-5
5.921005145801654e-5
5.913336907598448e-5
5.922222075322474e-5
5.9227599272747475e-5
5.9616763012991236e-5
5.9414837462535175e-5
5.953113491820225e-5
5.937196733177163e-5
5.9271745517385905e-5
5.916961897596706e-5
5.937324469438117e-5
5.943839877918269e-5
5.942514289814469e-5
5.9455887632572525e-5
