2.5426771408778355e6
2.5316403873302387e6
2.5301277517797747e6
2.531930022242606e6
2.533925560888133e6
2.5394394825762715e6
2.5467643361086217e6
2.515443107070242e6
2.541473898640331e6
2.575879204262774e6
2.586188783951052e6
2.602675255314041e6
2.63129478702858e6
2.645546432775547e6
2.66305755267962e6
2.6885239200847833e6
2.698976900152838e6
2.7149492841369966e6
2.726836558735489e6
2.749975660539415e6
2.7903025316973208e6
2.8044634836384356e6
2.8162079324061675e6
2.8389956601308505e6
2.8482716394340848e6
2.862733241092568e6
2.886743213926298e6
2.8831542045651763e6
2.9504237361610928e6
2.944927245528986e6
2.9691707441087677e6
2.9349883279957953e6
2.98055327952368e6
2.9845315013611726e6
3.010873083087629e6
3.0279146879163957e6
3.025867259874963e6
3.0500420418319744e6
3.0769745103416587e6
3.085521801738119e6
3.0719689406688823e6
3.099764934102752e6
3.132577684108853e6
3.134314015616492e6
3.1271842077924507e6
3.140054688087445e6
3.2072907912849407e6
3.2338543306840984e6
3.3162818743227646e6
3.355726427547371e6
3.3477374765346413e6
3.404049439121433e6
3.4223305184540437e6
3.47272338899869e6
3.5237096928244266e6
3.4989406251617484e6
3.4763205212623454e6
3.5207176382030174e6
3.5784499675064776e6
3.626843329053152e6
3.6826455865428383e6
3.7422170734643377e6
3.8762204301403146e6
3.933179388766242e6
3.9808540073548136e6
4.0562198094079434e6
4.124956760147344e6
4.17964781829913e6
4.268684032453176e6
4.352829999114244e6
4.364031700586154e6
4.457008091886773e6
4.51423878568959e6
4.535609844351269e6
4.712095490328637e6
4.795052214356124e6
4.885377260413154e6
4.970302180807592e6
5.023762808870991e6
5.078002097261703e6
5.121053973046875e6
5.172609556395857e6
5.154607595108307e6
5.255618874946268e6
5.341964114321056e6
5.398475256275701e6
5.585224418348576e6
5.707027345053622e6
5.769315360718689e6
5.882563557539081e6
5.943872858102338e6
5.974352422905684e6
5.962933006137297e6
6.026728659105843e6
6.095114405442869e6
6.184793108763838e6
6.28537630101221e6
6.325748718945282e6
6.447221623484971e6
6.38061890933272e6
6.4968052787298085e6
6.574695644950914e6
6.648517515353568e6
6.726390965308653e6
6.835741129172965e6
6.887845754341182e6
6.948310596243097e6
7.056208189177336e6
7.323983667010514e6
7.434825249871673e6
7.589750415570723e6
7.740498343002364e6
7.917634440858814e6
7.86566982403115e6
8.017824391897702e6
7.835755375022864e6
8.046232498958426e6
8.050903407522074e6
8.345664836723022e6
8.555544040208673e6
8.411977452627832e6
8.67013397489234e6
8.659900536805214e6
8.754132555186708e6
9.049260773679191e6
9.367608116278518e6
9.546413501871241e6
1.0175221864542522e7
1.093357402180709e7
1.0923174465357095e7
1.1207812962850936e7
1.1725992152907193e7
1.2070378181082767e7
1.2436868638741387e7
1.2980734348529363e7
1.474307163302652e7
1.4848393156816132e7
1.5499361368742911e7
1.569865092431719e7
1.6620947393897535e7
1.739621646626566e7
1.7507835417087644e7
1.8219372585231565e7
1.777667240828013e7
1.8067641173407916e7
1.8232920822434e7
1.76575218746513e7
1.7504887774542987e7
1.817220201569094e7
1.813245276016774e7
1.7637435290499054e7
1.783546356639495e7
1.815632160436852e7
1.8607622174811386e7
1.87465930073837e7
1.9180787108551152e7
2.010953364017185e7
1.9790613513129044e7
2.0790386044041958e7
2.2084357476387862e7
2.3190643472679023e7
2.485616621802039e7
2.546466473886657e7
2.651490168277527e7
2.785248287873753e7
2.985145531220066e7
2.8588542651175693e7
2.9311141722601864e7
3.2526470204483934e7
3.476443105545788e7
3.560669899718053e7
3.6494943565769695e7
3.82235867371061e7
4.00851185810484e7
4.069237804068621e7
4.1971857167667344e7
4.184072022372931e7
4.287999935943016e7
4.203117844019562e7
4.207149506260224e7
4.199463255464892e7
4.301649110630264e7
4.281436690534799e7
4.290089737454517e7
4.118449940751321e7
4.167662744862855e7
4.351565337203501e7
4.4094160537830874e7
4.472102608900411e7
4.318036717366992e7
4.399639051916762e7
4.511799666101489e7
4.490105636449987e7
4.495262743886124e7
4.700643964270417e7
4.762619459333108e7
4.700974023864056e7
4.518077749470911e7
4.553294634984215e7
4.4315895391583435e7
4.3460830963963985e7
4.314732666827666e7
4.357857621281814e7
4.340472254882394e7
4.258688245320639e7
4.255749948478975e7
4.231986268902631e7
4.163739894198672e7
4.145205256618175e7
4.217090406171153e7
3.932471122850012e7
4.047206688206198e7
3.966048985342849e7
4.1153779149044484e7
4.0585534413249195e7
4.068927636763559e7
4.320892530650897e7
4.395497651924923e7
4.449806555747767e7
4.5148059611692116e7
4.4547986272258885e7
4.6774712599522606e7
4.606708840202507e7
4.8514294525201276e7
5.084110726384598e7
5.076318753168605e7
5.024485528146251e7
5.26587435356535e7
5.476710321153525e7
5.557330206392166e7
5.559886949291954e7
5.665937236674754e7
5.729209541730404e7
5.7794327002565734e7
5.6207361913406834e7
5.742315096924064e7
5.943575986998776e7
6.004919529324993e7
6.0698071042926036e7
6.159771717633674e7
6.11942126932514e7
6.203214396574276e7
6.3442297499487005e7
6.664728740716504e7
6.769609907628505e7
7.187857599939427e7
7.499248501828659e7
7.754856836959602e7
8.099224330547237e7
8.396412519570725e7
8.900921267889276e7
9.369140108392997e7
1.0164366987262607e8
1.0733244503048997e8
1.2253589617551693e8
1.2619495368186527e8
1.343613251387027e8
1.4341617145283416e8
1.519382986808477e8
1.5754592570607156e8
1.5683139179797027e8
1.6165545792494696e8
1.6136215901676807e8
1.5846573943427166e8
1.5698234169385836e8
1.6199358361529294e8
1.5680764839557973e8
1.5352266635988656e8
1.5204174739786088e8
1.616584644376783e8
1.565534823821326e8
1.6689007023913467e8
1.5613862638012356e8
1.5122843762693867e8
1.455619836249489e8
1.455922945125327e8
1.413890717219618e8
1.3340366470865324e8
1.254991162462739e8
1.1846180033661412e8
1.2220929646844585e8
1.1688580266036415e8
1.1552839178956163e8
1.144984408929099e8
1.0842307523926872e8
1.0942033080380139e8
1.1169619112366858e8
1.1081691535853775e8
1.1427652571156599e8
1.1456703617759699e8
1.1495042396882743e8
1.1714079373857737e8
1.129674484764072e8
1.1519407703656319e8
1.1740111055118822e8
1.1788114930168097e8
1.1826053278109536e8
1.1900399127482797e8
1.2258231469257675e8
1.2580259579436845e8
1.2577334181077702e8
1.2649849178779443e8
1.2002412965206125e8
1.0933718215387602e8
1.073071433508698e8
9.888674341818216e7
9.71059139020727e7
9.70581778986058e7
9.178911599753366e7
9.069384358438718e7
8.757934756696096e7
8.53200668190428e7
8.194844774949108e7
8.02342983002591e7
7.778713372491407e7
7.539937517727011e7
7.622409497356406e7
7.764984038537782e7
7.78515915785262e7
7.946829071015398e7
8.365315880902898e7
8.293026777936272e7
8.579752617173651e7
8.834566456404729e7
8.964512559430581e7
9.110428305702813e7
9.446819962521228e7
9.192438537651964e7
9.33231250790477e7
9.083745210969958e7
8.451000158538555e7
8.159593059243388e7
8.169134333675976e7
8.104597923489068e7
8.084204329248483e7
7.760640885808563e7
7.659280099434334e7
7.505149287887612e7
7.482130693649971e7
7.700576524274135e7
7.7225320414645e7
7.815995454921085e7
7.998285452214335e7
7.989618594034323e7
8.177596050910625e7
8.299518378878988e7
8.338126904985422e7
8.907740290904735e7
9.348598164539833e7
9.179915285456677e7
9.029396496770932e7
9.234750395821646e7
9.405669259013772e7
8.943352003268008e7
9.069437844952652e7
8.863200635418804e7
9.067966828381799e7
8.593191208057295e7
8.468437187972352e7
7.862052197953194e7
7.867157773358856e7
8.083639370526512e7
8.148605192349038e7
8.387202597809204e7
8.327788463112895e7
8.279000736349285e7
8.239812401689856e7
8.523867669920082e7
8.55494116682876e7
8.637015872583595e7
8.88169207026298e7
8.978899788479935e7
8.711363943308814e7
8.802847871940237e7
9.233171557952055e7
9.216582778352839e7
9.119222890119588e7
9.453505962659515e7
9.30913994723749e7
9.331734398940247e7
9.413668666485934e7
9.205173917207818e7
9.19455283591794e7
9.106674805004437e7
9.280294259425543e7
9.31740581116671e7
8.813659425815608e7
8.372161601512149e7
8.584493634400287e7
8.362359033133578e7
8.231535700901198e7
8.115317370018037e7
8.06786274065926e7
8.112379384819905e7
7.898574542090672e7
7.704117160730664e7
7.734119690183388e7
7.613242223602961e7
7.276343366045998e7
6.69552372316805e7
6.776690677590948e7
6.882170740493684e7
6.905562393429802e7
6.969092195695028e7
7.134570431964801e7
6.895352218140472e7
7.021937602120909e7
6.945467570161511e7
6.3754085284880266e7
5.8423370803010024e7
6.0399960801324315e7
5.773409009296469e7
5.861863938717783e7
6.1889657793314844e7
6.0577447063152894e7
6.3842334084541745e7
6.874717126724985e7
6.966000869161518e7
6.994173097075003e7
7.3114290902688e7
7.686372498837109e7
7.771389175240387e7
7.40063566969575e7
7.380586803723593e7
7.47526761209005e7
7.577396774503054e7
7.767829069647945e7
8.39159344403858e7
9.578066295099227e7
9.983504095449562e7
1.755785787810167e8
1.609505037469712e8
1.5905750711774844e8
1.4241987557253185e8
1.494817121542732e8
1.496282772008722e8
1.2309445772598396e8
1.1263550955925122e8
1.0418057400214472e8
9.223345925317593e7
8.519703522944139e7
8.465164570316854e7
8.289220373638889e7
8.167910712256457e7
8.00394542812837e7
8.139328275940597e7
7.374080716567525e7
7.605582637925293e7
7.106355411604156e7
7.193490934603311e7
7.361549998714253e7
7.194351595710497e7
7.293471472648343e7
7.26377985469399e7
7.64461978427478e7
7.268423167788982e7
7.244076566438425e7
7.346575719040196e7
7.637521103328225e7
7.55707774927804e7
7.30060261112243e7
7.222197371805681e7
6.992643230029373e7
6.969483994135232e7
6.731088794737789e7
6.562147013044733e7
6.51295089998461e7
6.381090665839199e7
6.4142277414839685e7
6.5784815840560816e7
6.558234953576687e7
6.823032294392519e7
6.828071735494094e7
7.155407452583566e7
6.856654031022865e7
6.398545615828951e7
6.314090089881268e7
6.558542399691379e7
6.431318144574417e7
6.123616788270221e7
6.044937690388331e7
5.876871475524122e7
5.7682546205405585e7
5.717546519665306e7
5.538352158617125e7
5.135355726051225e7
5.450825102031222e7
5.302446225004481e7
5.3704290904592834e7
5.2115187443350434e7
5.398131901004079e7
5.408138793346732e7
5.4172550423406884e7
5.34576465694623e7
5.139923620535156e7
5.005631913459062e7
4.9832601753652684e7
4.9764924667418316e7
5.035714078034251e7
5.029919203506078e7
5.245975590187281e7
5.115249535629126e7
5.419532555602813e7
5.362116148022432e7
5.633005063554601e7
5.888648779178581e7
6.0285856825843796e7
6.2356361833236344e7
6.100485717796917e7
6.103832822442005e7
6.380505274678571e7
6.58166707097308e7
6.423740776025896e7
6.715357414233729e7
6.556598806979897e7
6.707360127987206e7
7.096248921620762e7
7.142310883737734e7
7.49023543625068e7
8.076373440166683e7
7.965552965406682e7
8.549500634169672e7
8.626031348146951e7
8.854207056654838e7
9.097290037361297e7
9.698010932397248e7
1.0085868460872416e8
1.1633541606802422e8
1.429893674074281e8
1.3684105065969044e8
1.4848422890785956e8
1.6305775828382218e8
1.7185642446154198e8
1.836759982654509e8
1.834753900371559e8
1.9142192138834435e8
2.0315849590915322e8
2.0164407231735763e8
2.3657173420515996e8
2.6151498482260954e8
2.704315675499399e8
3.081104325499303e8
3.453774223414883e8
3.347475439742629e8
3.856952872446209e8
3.7822996527066034e8
3.697047229801103e8
3.8268656400760365e8
3.212097543400591e8
3.239993984861084e8
2.6832721504893997e8
2.3526113615008998e8
1.9518054058720607e8
1.664883309422124e8
1.682439238598071e8
1.550738941369172e8
1.5311939367292103e8
1.3152459138822708e8
1.38708055319861e8
1.4838975715364432e8
1.5062135066209075e8
1.6654589111766312e8
2.3509730949483323e8
1.6981555588735756e8
1.6740150550830728e8
1.485098709630092e8
1.7202028029490778e8
1.6065210213096863e8
1.402605889897413e8
1.3471447961465642e8
1.3115686930721888e8
1.1835962043149619e8
1.1451613443420047e8
1.0164325805796628e8
1.0177775798875e8
1.0573493401412377e8
1.0624833099681033e8
9.733823140239626e7
1.0010568824225439e8
9.604891104646349e7
1.0275299305092315e8
1.005886521096907e8
1.1782195749519275e8
1.1924549470464283e8
1.3293808105478373e8
1.332491738149575e8
1.524998996526207e8
1.6544866867468566e8
1.4654633187102637e8
1.441663554331062e8
1.3363122363916251e8
1.1503820032883815e8
1.054398275089473e8
1.006769400120699e8
9.160526397648929e7
8.721583833185318e7
8.659207872946931e7
8.44709330775036e7
8.53643561218988e7
8.13791282679863e7
7.876884706779827e7
7.620465344312868e7
