0.0005201219804005083
0.0005194656434609164
0.0005185449489109393
0.0005177011221740495
0.000516811388394863
0.000515975530277056
0.0005151019828225343
0.0005144043576249863
0.0005136826820700153
0.000512649151799422
0.0005116746016212906
0.000511018355752755
0.0005100720776084118
0.0005091647034113021
0.0005081394652687711
0.0005071811736593158
0.0005061989913585575
0.0005051646595983748
0.0005042274798456042
0.0005030284193486171
0.0005017670635519577
0.000500524304296485
0.000499716628990107
0.0004983706373401943
0.0004970244858548886
0.0004959407427917938
0.0004946466860109088
0.000493521487303665
0.0004922061964441596
0.0004907788517983814
0.0004894064876101159
0.0004880462408260606
0.0004867564257347932
0.0004854677143929365
0.00048420507529357663
0.0004829389491956509
0.00048164159801558295
0.00048023121438587604
0.000478496008881168
0.00047724756190634814
0.00047557815255599474
0.0004738485968053033
0.000472095770013589
0.0004703410629903555
0.000469050615181501
0.0004676196047382195
0.00046586301722839244
0.00046415596073700065
0.0004621787970538754
0.0004605891185550743
0.00045879067495181497
0.00045692786837716383
0.0004553941008313325
0.00045371935464508586
0.00045155038187600266
0.0004497926097528949
0.00044789151602786856
0.00044602473079452494
0.0004438944190647629
0.0004422553189072909
0.00044039332592001203
0.00043842565792861604
0.00043656072336806657
0.0004348124985610727
0.0004329092239408469
0.0004305689161538731
0.00042901420017826835
0.0004274638453451484
0.00042520963969048343
0.00042349114867142734
0.00042146126893407215
0.0004195225945792531
0.0004176453725842079
0.0004156792154247238
0.0004135126121980471
0.00041171861117418325
0.0004093390937779756
0.000407309721067363
0.00040520848753538446
0.0004026295746153147
0.00040025652554098685
0.0003979171213231486
0.00039507604607954357
0.0003926811581387614
0.00039041953059851947
0.0003882243271437597
0.0003852828513114838
0.00038318801966645305
0.0003809343442623417
0.0003783100613271054
0.00037585442946398815
0.00037340910462735946
0.00037085240249817896
0.0003679923214173661
0.0003654212089901275
0.00036269724567207864
0.00036057208180315505
0.0003580333185716609
0.0003552892548513536
0.00035325568081407186
0.00035009250753458834
0.00034758016484352864
0.0003453062101004936
0.0003426202257425189
0.000339428732970994
0.00033680823127928025
0.00033384307073984585
0.0003308032637112225
0.00032795652832001026
0.0003254066112854468
0.0003230819797894271
0.0003205467046296456
0.00031858084149581216
0.0003159563048769394
0.00031363494451677846
0.00031108924592767516
0.0003084495825130592
0.0003063950140468928
0.00030373011716567196
0.00030153659865098093
0.0002993994353540746
0.0002961837471855896
0.00029360344920157375
0.00029097664182322394
0.00028785719808514207
0.0002852853548720474
0.000283122320522867
0.0002811411748376428
0.0002780684879359698
0.00027530939315044054
0.00027265854138821367
0.00027001251337151904
0.00026767508994921413
0.00026491281721492297
0.00026220243305574047
0.00025976066463885653
0.00025734621964124436
0.00025438085021623624
0.0002525172279465807
0.0002500683973493151
0.00024834388598163825
0.00024603000852671455
0.0002433170900359996
0.0002406753941427092
0.00023793894945320777
0.00023590533860146738
0.00023318565880020472
0.00023046890810846178
0.0002282361156209596
0.0002261775016578096
0.00022378543121503132
0.00022225410354599284
0.00022043161507767596
0.0002183462167747858
0.00021522065529848758
0.0002126454508945648
0.0002108391752324069
0.00020856813041184114
0.0002067309371637428
0.00020480624168027467
0.00020303814927205699
0.0002014575858933628
0.00020019232917832958
0.0001983028760967668
0.0001965697168118138
0.00019478868543069814
0.0001932616600038763
0.00019152492962550298
0.00019023314160483904
0.0001888598527257175
0.00018769215941327047
0.00018697761405459524
0.00018544682098044847
0.00018437253846652105
0.0001825668165268619
0.0001809386632208214
0.00017966989451443182
0.0001786172793978832
0.00017792197659665393
0.0001768545617549596
0.00017585401993645646
0.00017484603724232995
0.00017404662343334195
0.00017258399511975022
0.0001715427576699044
0.00017077905655917057
0.00016975609982029078
0.00016877260433358004
0.00016759866477097614
0.00016672486170655988
0.00016591268820478357
0.00016522783193097192
0.00016462989527559111
0.00016379905180843423
0.0001630180724098794
0.00016235120240212054
0.00016111363422350298
0.00016022133017431974
0.00015926217079992961
0.0001586166185960973
0.0001576066572499693
0.0001567850454218484
0.00015609392398011106
0.0001555847356357075
0.00015478267268355
0.000153753825197654
0.00015308621544235716
0.00015234646533270936
0.00015191998517085758
0.00015088014915453198
0.00014973017010429365
0.0001492824066342198
0.0001486726957442537
0.00014804599814121185
0.00014769009414620672
0.000147240597962566
0.00014643371937877865
0.0001461102243695806
0.00014553002634003372
0.00014555543217214942
0.00014504162639344443
0.00014438959672173965
0.00014375283010953556
0.0001432105360294186
0.0001424015119472397
0.00014163629595308026
0.00014121231957933212
0.00014057787189912667
0.00013972634128976583
0.0001390608032140967
0.0001385697014183827
0.00013802726264993296
0.00013763038988884023
0.00013664010765530833
0.00013631293480024313
0.00013597133992352499
0.0001355769477951824
0.00013504435926472983
0.0001345446249541413
0.0001342883785799055
0.00013412662402076655
0.0001340817166145493
0.00013371935530203237
0.0001335840280207117
0.00013290154650906955
0.00013225255104273525
0.00013204821689519517
0.00013134486201033172
0.0001306468553156391
0.0001302553958968069
0.00012960104461339514
0.0001288827796075785
0.00012837865843461316
0.00012778734897516986
0.0001272019226493828
0.00012675540604264904
0.00012606356296877274
0.00012551864460312
0.00012521793111680354
0.000124666630757811
0.000124344770523839
0.00012413502194344713
0.00012379530631209898
0.000122956980138435
0.00012246729903308564
0.00012197170285309608
0.00012128173620011287
0.00012156416157817233
0.00012114833434607542
0.00012097328361845055
0.00012105523993087467
0.00012094311843620503
0.00012051075972697339
0.00012064765836834354
0.00012044904966781993
0.00012081632138261525
0.00012038618550590879
0.00012003479341274194
0.00011973854846079315
0.0001192233137659675
0.00011824365985281978
0.00011805386815890039
0.00011756244981069096
0.00011774277715557119
0.00011719232052724847
0.00011682775534187024
0.00011623980897575524
0.0001155091885776756
0.00011555021319852172
0.00011498573398141807
0.00011420390345212217
0.00011367266768277848
0.00011349278316218799
0.00011292913490012256
0.00011219765184721795
0.0001120808817660327
0.00011219850390812451
0.00011180526528981975
0.00011123232423500512
0.00011078819091257107
0.00011046680318914941
0.00010994182651272508
0.00010970793214570428
0.00010950895927862673
0.00010948016574174376
0.00010916958307818331
0.00010889447090928556
0.00010865307960739952
0.00010853918212768678
0.00010828974478361523
0.00010810372702615668
0.0001077128954946112
0.00010738552883693193
0.00010735432105760425
0.00010706279911183672
0.00010726052061429908
0.00010773258044320522
0.00010778938670288764
0.00010795302221617516
0.00010785546149698137
0.00010787305528629658
0.00010833344182084478
0.00010854495148580716
0.00010836402673529366
0.00010884960884432695
0.00010902082359313188
0.00010919466382127479
0.00010940895969365262
0.00010942893217105756
0.00010971469193334076
0.00011021944911252969
0.00010992888996093078
0.00011007069173139518
0.00011008429686756456
0.00010991592560357723
0.00010958002777672327
0.00010955516912239873
0.00010971136163755667
0.00010944317890243966
0.00010886853454641156
0.00010884577373685464
0.0001088301742838138
0.00010867728457852054
0.00010847566826169031
0.00010834752566462599
0.00010821177958125655
0.00010795646799789198
0.0001079030403622435
0.00010786747055602141
0.00010779141278283534
0.00010782705180640205
0.0001072431975875781
0.00010706131806530074
0.00010659276189882078
0.00010614693185440454
0.0001055528216304262
0.0001049303551315423
0.0001045873506738025
0.00010409962169675996
0.0001035853305889169
0.00010305119346639382
0.00010258451429162452
0.00010209752582001864
0.00010207845368299853
0.00010189176654683358
0.00010167995259038525
0.00010149460981322162
0.00010118860276632704
0.00010103823929526023
0.00010101436866361663
0.00010108842421004138
0.00010063565088194758
0.00010048098806399999
0.00010029781362640465
0.00010019341275536151
0.00010010442231925895
9.990893738942336e-5
0.00010017815882531984
0.00010004864846868958
0.00010007598259588814
9.977237030561626e-5
9.90128192702812e-5
9.903748267200681e-5
9.857112077380391e-5
9.86117335383163e-5
9.786548344871994e-5
9.762986642690084e-5
9.765878358071483e-5
9.777912507972831e-5
9.815821897464361e-5
9.797368391386997e-5
9.811846957540159e-5
9.816040188034548e-5
9.811214248778561e-5
9.820973553035232e-5
9.863369028726623e-5
9.894535985303361e-5
9.907539465767217e-5
9.908870790699393e-5
9.899600593002408e-5
9.933301992453604e-5
9.951171063759908e-5
9.93830090907997e-5
9.935935727092593e-5
9.937356178538346e-5
9.966358677392342e-5
9.945869940042253e-5
9.964786986928999e-5
0.00010022419150229165
0.00010042626811943764
0.0001008872403862822
0.00010128240497526443
0.00010134630837995916
0.00010169826572618293
0.00010167138647654467
0.00010193042728771234
0.00010190929196504568
0.0001017312151075623
0.00010155782147131717
0.00010140705828219892
0.00010092293343987781
0.00010109374216584662
0.00010102674225577749
0.00010086808416809309
0.00010102972166747006
0.00010061693240985294
0.00010061482778466328
0.00010040598093187257
0.00010027398133962192
0.00010011962308355529
0.00010015371494063286
9.991259769220023e-5
9.960736508819576e-5
9.949741709579247e-5
9.956756178840612e-5
9.96569127803639e-5
9.964629224600848e-5
9.942684162914205e-5
9.907116382287172e-5
9.915811275986053e-5
9.915858127733706e-5
9.940176727726433e-5
9.923530876474716e-5
9.94524779559642e-5
9.898696063009822e-5
9.8615167850439e-5
9.887412788672545e-5
9.844125255850411e-5
9.835528434125177e-5
9.824016530451025e-5
9.833670543398301e-5
9.814768643502802e-5
9.812317882666103e-5
9.800738773385481e-5
9.792494779194927e-5
9.791318428757021e-5
9.783307720743859e-5
9.772647086030541e-5
9.805121488742455e-5
9.776169786091248e-5
9.822839907230009e-5
9.869779386207716e-5
9.885009448796039e-5
9.902889108356811e-5
9.901731906727978e-5
9.893674906790607e-5
9.87849111200645e-5
9.890774822020023e-5
9.885706138447772e-5
9.909665586340834e-5
9.899512582074966e-5
9.889940127052351e-5
9.891277995896519e-5
9.897302410179093e-5
9.921575655470054e-5
9.974963458169356e-5
0.00010025259237297862
0.000100075688603109
0.00010018964167805364
9.999662784497707e-5
0.00010029124206413693
0.00010023056370071085
0.00010015832332861684
0.00010011782432423038
0.00010015153249015658
0.00010017623637095232
0.00010037791799240254
0.00010021959998773035
0.00010039685250348316
0.00010074300219061998
0.00010055803381185422
0.00010022748858638274
9.954911385094236e-5
9.963333171189714e-5
9.965078563884259e-5
9.93176192757217e-5
9.906964424424303e-5
9.885273535706583e-5
9.874939905786314e-5
9.856246485775161e-5
9.926599547805609e-5
9.922063912315237e-5
9.92018724176014e-5
9.888543488758882e-5
9.888365720181427e-5
9.881702569795265e-5
9.88323229806116e-5
9.879660748059805e-5
9.850699544790769e-5
9.848177963404884e-5
9.87246059509528e-5
9.871452795501098e-5
9.853205355575449e-5
9.816607294056271e-5
9.82279336114107e-5
9.818874241611756e-5
9.790085168144284e-5
9.775418975858122e-5
9.767637818184662e-5
9.768313481349519e-5
9.736431145734105e-5
9.673290267327842e-5
9.717831454212628e-5
9.716912082513038e-5
9.721622876506273e-5
9.753641876415261e-5
9.782964888103327e-5
9.818195893286953e-5
9.805122796576284e-5
9.847234200069355e-5
9.861958676065734e-5
9.878396152118753e-5
9.937673552752869e-5
9.945075481251458e-5
9.941914556232916e-5
9.979142420930097e-5
9.97630825559658e-5
9.95735818143231e-5
9.950782178847029e-5
9.930179277276974e-5
9.96277728913599e-5
9.926996723790107e-5
9.94673215416176e-5
9.937987605092394e-5
9.933505411975589e-5
9.908660733455662e-5
9.902666502201354e-5
9.910143916501779e-5
9.92766743369123e-5
9.943158890215789e-5
9.933753390001681e-5
9.947668690595045e-5
9.914764697671388e-5
9.864135300549745e-5
9.786536713676157e-5
9.786673361815518e-5
9.753470617516254e-5
9.76742212742596e-5
9.767330865234314e-5
9.764589610188907e-5
9.759544211255779e-5
9.769503275212606e-5
9.777935866077023e-5
9.799671391464336e-5
9.817439032700005e-5
9.860310853653103e-5
9.887487609655109e-5
9.880634482189184e-5
9.845192484092338e-5
9.814476280632643e-5
9.806626719881305e-5
9.820988416510854e-5
9.819212760180901e-5
9.81914818014074e-5
9.865461939491335e-5
9.850268073391611e-5
9.863318590031218e-5
9.846659160977486e-5
9.854341558702514e-5
9.847259320157581e-5
9.80634400082164e-5
9.812892758455395e-5
9.790375456203345e-5
9.77730462461933e-5
9.789676726205166e-5
9.774986111486015e-5
9.769818697898514e-5
9.707433876581954e-5
9.708899974776415e-5
9.697176363731364e-5
9.687752842773233e-5
9.702942454167747e-5
9.744441762920217e-5
9.766829793349257e-5
9.764991611058357e-5
9.778289010690865e-5
9.819615056685019e-5
9.838966994940113e-5
9.854048426315048e-5
9.824897748636884e-5
9.78880756279814e-5
9.761162175281709e-5
