2.791798123858941e6
2.860108572323981e6
2.932019825357514e6
3.0027678277003826e6
3.086139632248814e6
3.1784552006243924e6
3.270474409436799e6
3.3589327334331954e6
3.4669733710092823e6
3.5770309904246987e6
3.6884707170532737e6
3.8176160186084374e6
3.95484058009268e6
4.1161389970155763e6
4.276242531072612e6
4.443336904614196e6
4.615545384237346e6
4.811815491772749e6
5.0171738766623875e6
5.242888694957628e6
5.472680913213211e6
5.723590058986866e6
6.0052209001969565e6
6.319481640149788e6
6.645806323772938e6
6.992905090938824e6
7.3402889650781825e6
7.723912916639371e6
8.156620053287276e6
8.62341541319806e6
9.15324048901721e6
9.691069314649772e6
1.0292569664424004e7
1.095284189025548e7
1.1662337545159012e7
1.24058532527677e7
1.320408958894635e7
1.4072805000028772e7
1.502044392564284e7
1.5985149133097704e7
1.7091347205149654e7
1.829501122352189e7
1.9553286518878452e7
2.0957580956726287e7
2.2527266123976e7
2.4191109349796187e7
2.5971258145281326e7
2.7903634745082874e7
3.003981665180725e7
3.228199247408872e7
3.466849398734301e7
3.717619095379673e7
3.995529730662313e7
4.281317698889112e7
4.558925525944058e7
4.903993674999752e7
5.252975955136869e7
5.634637511373728e7
6.015906166277992e7
6.456960676513456e7
6.865869687634408e7
7.35658658273295e7
7.853835950256984e7
8.390559372155736e7
8.933989996865612e7
9.474269224660146e7
1.0120615312696944e8
1.0685726821675509e8
1.132780312192924e8
1.2128001309474762e8
1.2965952913432015e8
1.3818060497753605e8
1.4721483349092942e8
1.5695975406427434e8
1.6816142037278688e8
1.769813511276552e8
1.8762390241177073e8
1.9666889931755063e8
2.0512536743526813e8
2.1475469720598844e8
2.259524667217611e8
2.3766764361210582e8
2.499866459552306e8
2.625140165059334e8
2.742790119502443e8
2.8954026515972185e8
3.0336082228732973e8
3.190965599761506e8
3.3770514560116917e8
3.49761496504587e8
3.6592998621275514e8
3.7899962766468835e8
3.94477617697669e8
4.083688354619182e8
4.2267705426150393e8
4.4214086580972844e8
4.569892247280983e8
4.6562420391026586e8
4.8202961189913625e8
4.9704605965350133e8
5.126875105818702e8
5.3329660714803964e8
5.488669210317422e8
5.690445054889117e8
5.860314124907573e8
6.033270481312035e8
6.237552357085192e8
6.413689176149498e8
6.535175039470832e8
6.698839201740878e8
6.824408270770591e8
7.038218456651227e8
7.229057652774427e8
7.382865036327354e8
7.525210329159294e8
7.67715395766331e8
7.815343675210943e8
7.874700783619882e8
7.8996856294675e8
7.896208387462921e8
8.061099787699841e8
8.113834943752899e8
8.24670242344304e8
8.362259771696823e8
8.400666422640887e8
8.496425984039199e8
8.481255785974619e8
8.55269945050768e8
8.625371827751285e8
8.707100896047319e8
8.774291882865096e8
8.964624839073403e8
8.914151840556154e8
8.946368659530051e8
8.967802447764882e8
8.898128441234386e8
9.000655598330766e8
9.071960154188085e8
9.191406871199863e8
9.277446822498249e8
9.353049435827849e8
9.444632784390857e8
9.332969202994637e8
9.362340560342859e8
9.368740526997677e8
9.352334080265138e8
9.383670110164253e8
9.419682141469959e8
9.270577324643584e8
9.190206414934462e8
9.110170696621071e8
9.042623904282143e8
8.980855574916013e8
8.882711003476943e8
8.776984084828186e8
8.70365768705272e8
8.660862724079875e8
8.596939971727577e8
8.544918498153324e8
8.597203870109084e8
8.548802193899642e8
8.499639664016702e8
8.658359373847839e8
8.754477459594238e8
8.805033426711749e8
8.912278322969545e8
9.064462643012422e8
9.162439979772229e8
9.112512593349017e8
9.177915315625143e8
9.167988860110129e8
9.075869841270676e8
9.038945878712937e8
9.041124809159309e8
8.915849542151899e8
8.844416000045633e8
8.882850581739502e8
8.782835232748015e8
8.794047608798126e8
8.713667435647073e8
8.696107179437381e8
8.664408425704038e8
8.689397423276603e8
8.737504231419536e8
8.816881287445619e8
8.775651423852776e8
8.774641310456902e8
8.740379638046141e8
8.633051798135147e8
8.639468553236047e8
8.641127462045953e8
8.590597528812685e8
8.565244148003138e8
8.491076627374346e8
8.4603894803593e8
8.422868228253411e8
8.360694460830812e8
8.409539931744456e8
8.416216022298831e8
8.40249269556384e8
8.55234750965138e8
8.615251857938572e8
8.693891818452672e8
8.763916103474711e8
8.766584318894767e8
8.740180684677353e8
8.732568837196391e8
8.68744830167811e8
8.629039880976261e8
8.598355032279862e8
8.638422083290467e8
8.569128880956025e8
8.629797530294071e8
8.660732945464536e8
8.57977420216658e8
8.587091983932593e8
8.527714487193089e8
8.581263999171724e8
8.562420769239497e8
8.477974258014736e8
8.617557076417679e8
8.63422232716319e8
8.640445225139499e8
8.611260061844023e8
8.53399816460016e8
8.529387192111682e8
8.463345150386336e8
8.496415904394196e8
8.42323180158215e8
8.442116333403215e8
8.311712603056566e8
8.247907644853055e8
8.183773367680755e8
8.202544148390173e8
8.157884554839647e8
8.09989728292226e8
8.143484886399904e8
8.125933270733705e8
8.05391202236985e8
8.029398349563243e8
8.000721782598697e8
7.910213213176336e8
7.959543176639422e8
7.796813844273888e8
7.71451097750889e8
7.779552309261177e8
7.767093316979717e8
7.779999843018113e8
7.81047762434672e8
7.804612454791099e8
7.85256477057897e8
7.855733864102762e8
7.807080072945446e8
7.820527375343139e8
7.778128817591599e8
7.729750561274494e8
7.67114730992356e8
7.69697740776206e8
7.628866201613395e8
7.613462318042221e8
7.609678653785536e8
7.586721623328145e8
7.579413099300001e8
7.596674362471414e8
7.635604933261294e8
7.658029240970134e8
7.71662167007135e8
7.734398947915046e8
7.821349438738565e8
7.874656386526673e8
7.859821448024738e8
7.926133966653643e8
7.888178717162234e8
7.864116819590471e8
7.894107351028321e8
7.937371023892674e8
7.94997191052116e8
7.880738982559432e8
7.890026626404417e8
7.877626826468345e8
7.876629848279467e8
7.866007577135859e8
7.816876871633714e8
7.739135013324916e8
7.766918938592743e8
7.667146249888556e8
7.619943875277268e8
7.588738705290097e8
7.555598906123166e8
7.392268765538144e8
7.433322925463426e8
7.336193068391745e8
7.207642028842198e8
7.178885674157801e8
7.109664200620631e8
7.057508891557237e8
7.027806984467703e8
7.010329616206049e8
6.945568777144189e8
6.916449444747016e8
6.967730637322495e8
7.013222414321767e8
6.916810822932768e8
6.957134701779575e8
6.951491790175567e8
6.861606848345665e8
6.819585649944892e8
6.905888355193518e8
6.859810110876575e8
6.866336720287076e8
6.83308984982704e8
6.902108710417217e8
6.921441268295987e8
6.950004689363595e8
6.933592612287463e8
6.971246133050566e8
6.985960351392591e8
7.02169191448147e8
6.856674588681555e8
6.974498937146935e8
6.966582679037272e8
6.965831324204116e8
7.013706437437873e8
6.951827316403645e8
6.896438203769156e8
6.913393957585548e8
6.852567049583265e8
6.904739929214954e8
6.929619437750337e8
6.861147538874004e8
6.820715552765485e8
6.764366737125173e8
6.70894817880239e8
6.605931011670765e8
6.560025405182043e8
6.514377302734616e8
6.59718587483707e8
6.538645604048556e8
6.537719471846616e8
6.498663831068908e8
6.529064996975394e8
6.572240763862906e8
6.544316135802745e8
6.523632983835601e8
6.490329616777025e8
6.576778447456996e8
6.55565534269212e8
6.617751452159994e8
6.501431028639143e8
6.521570603180846e8
6.514407719474825e8
6.536128111666751e8
6.495836204041026e8
6.483152286150239e8
6.339181177302824e8
6.386014330551677e8
6.334330008147986e8
6.381799291630936e8
6.396076714909099e8
6.403710857659423e8
6.327216034111805e8
6.288434073680582e8
6.278235384432604e8
6.257711804943513e8
