2.6217412824969497e6
2.6817648984659826e6
2.7456700188103938e6
2.8136168238881626e6
2.8831825241498747e6
2.956595548054501e6
3.041951482273695e6
3.1316929020255646e6
3.2285061942628664e6
3.3238209870467763e6
3.4206073401084e6
3.5393698524068687e6
3.6552875965485163e6
3.7850971904515238e6
3.9172239442230808e6
4.061026503328528e6
4.212617633870933e6
4.382351825793654e6
4.555564968810904e6
4.744964895495937e6
4.950889017252929e6
5.172587758431517e6
5.410140429701012e6
5.6685538111472055e6
5.946865386809139e6
6.241920076967201e6
6.56342409265197e6
6.902601624788972e6
7.276902650958482e6
7.685448303592636e6
8.113916969341843e6
8.593490077466484e6
9.10060565507354e6
9.651292004456595e6
1.0233096776767433e7
1.0872557556217192e7
1.1588817039376998e7
1.235641076336232e7
1.316103530138949e7
1.4050060164296832e7
1.5039827673203377e7
1.6098280367226908e7
1.722643000102703e7
1.843333601840993e7
1.9734554685716476e7
2.11633034894895e7
2.2681476881186515e7
2.4273351725152895e7
2.6060942148450825e7
2.796166700174999e7
2.9975888974391583e7
3.2106362449169785e7
3.4396750539326005e7
3.6782581171093e7
3.949763314702341e7
4.224639988228753e7
4.517269187156063e7
4.841668835491145e7
5.172957645232455e7
5.5474546000920735e7
5.92603635740585e7
6.348923109476801e7
6.804420370532289e7
7.287997551238252e7
7.808822430916764e7
8.366862547787273e7
8.937172290127188e7
9.523878216687039e7
1.0128260440540478e8
1.083155530625015e8
1.1542292198965037e8
1.2265248905882037e8
1.3067078188771012e8
1.3915067281050298e8
1.4801047717120388e8
1.5757983263130686e8
1.6761026067118186e8
1.7778396670981783e8
1.879222563126022e8
1.9846462504786956e8
2.105309924784219e8
2.228025020188559e8
2.341234766219669e8
2.454793280567955e8
2.586736077900448e8
2.707505349534161e8
2.834388040029093e8
2.9643822638529044e8
3.087238547081943e8
3.222467861063358e8
3.370794957553118e8
3.5225203830693024e8
3.665915004164581e8
3.8170509599444854e8
3.9726002257582814e8
4.112896855199707e8
4.2788225720690143e8
4.423792394001651e8
4.5890890172587365e8
4.742925727750237e8
4.905110737733368e8
5.037521577107018e8
5.1691354436809635e8
5.319964466164419e8
5.45689042848034e8
5.603386328685325e8
5.746537992791499e8
5.882717810144496e8
5.976885052424288e8
6.119789622978972e8
6.236809579587622e8
6.320238116649858e8
6.445110525705888e8
6.543516435756599e8
6.653137898099399e8
6.784454707719173e8
6.930425343144318e8
7.084283239014496e8
7.220572493595713e8
7.339671674742601e8
7.477166439105226e8
7.626896954795538e8
7.777300631586815e8
7.908759613654717e8
8.036542116942046e8
8.139131232995048e8
8.264887909750314e8
8.362588870606059e8
8.481671222336652e8
8.587623537728907e8
8.685289151747112e8
8.743102550584399e8
8.795053376062452e8
8.880214060616797e8
8.922098494596819e8
8.941100643710954e8
8.990266941082716e8
8.956643511631256e8
8.963502751550097e8
9.03608660795718e8
9.050744853645352e8
9.04251381829494e8
9.058722274216653e8
9.068263073629663e8
9.106744872678931e8
9.035375140787843e8
9.10361278564916e8
9.101712844514245e8
9.119813337531549e8
9.113595453779618e8
9.149462279491638e8
9.178196625152775e8
9.23764850037001e8
9.218350049830804e8
9.316719036958504e8
9.372067832840866e8
9.36325672602121e8
9.342323716528978e8
9.35145767974794e8
9.308106309718846e8
9.292108811858816e8
9.283730168139546e8
9.275270431219147e8
9.298774172379239e8
9.26692528588218e8
9.284801455860424e8
9.273887104701461e8
9.285264883684665e8
9.243589880232769e8
9.273945243854043e8
9.283235672828941e8
9.251100633371509e8
9.218596661729877e8
9.22674146448859e8
9.211703265847164e8
9.217270714740473e8
9.193281592759694e8
9.197319886287159e8
9.207556337780049e8
9.208175546379029e8
9.13960684455883e8
9.11689812815817e8
9.12485424338408e8
9.104895711844996e8
9.065341865280309e8
8.992663142993193e8
8.956251306507071e8
8.893115141750286e8
8.866704392901812e8
8.8209558011772e8
8.784359023866658e8
8.757198153438784e8
8.790165619081365e8
8.764202269872261e8
8.843689883372265e8
8.868077922927896e8
8.856565717066584e8
8.90523458695732e8
8.90432807765371e8
8.886493710753448e8
8.886320389433947e8
8.948634867330025e8
8.966115309100899e8
8.968676272719779e8
8.936338675663965e8
8.946383348861774e8
8.920496152304049e8
8.908335431459259e8
8.874723291064485e8
8.832574156263955e8
8.847756606714188e8
8.816499621061075e8
8.829489598050766e8
8.844782701332415e8
8.858871698567024e8
8.894308128938173e8
8.887543392447351e8
8.951624277326477e8
9.010626871624454e8
9.020609386092216e8
9.000716378103807e8
8.993726741668288e8
8.954852744195579e8
8.959509383273324e8
8.884155459880513e8
8.814832079427131e8
8.719242483304669e8
8.677370324648285e8
8.642246924503852e8
8.525360282968888e8
8.488915111664321e8
8.388548473018662e8
8.333001396497419e8
8.238256900984744e8
8.199115777025903e8
8.119065487414441e8
8.073505732909484e8
8.002905623033888e8
7.96922836497339e8
7.99704084080169e8
7.952840418656342e8
7.996192572003837e8
8.016247362142174e8
7.986028805408374e8
8.001621406364388e8
7.958688609218725e8
7.957755307895036e8
7.931185782953324e8
7.848918357814742e8
7.804327510164726e8
7.781068861519223e8
7.763673695894448e8
7.766287471035461e8
7.744343746113106e8
7.77061155202555e8
7.766400039375017e8
7.759900494717743e8
7.698926390268936e8
7.728388065314927e8
7.74061670358668e8
7.773652176998957e8
7.749352565405239e8
7.778009620368831e8
7.77193916550164e8
7.743924581831923e8
7.713224445779563e8
7.672239785709785e8
7.611076661244078e8
7.516059186148455e8
7.445137126173006e8
7.39308775023181e8
7.364626936114093e8
7.313174433804331e8
7.309928589361011e8
7.294116012013314e8
7.281852080421965e8
7.316102348320228e8
7.318293216245881e8
7.337837915844358e8
7.378467584050103e8
7.349500408124259e8
7.334833732534006e8
7.3296337277431e8
7.318585147547466e8
7.332843282399449e8
7.354753112038696e8
7.329633910149231e8
7.309082452001425e8
7.307729494071805e8
7.269460572345355e8
7.264399910483935e8
7.214504878902318e8
7.26232968079599e8
7.189412977577641e8
7.179209775335034e8
7.169285256361632e8
7.098382466030084e8
7.075358776993221e8
7.014134018131026e8
6.98113246106406e8
6.95965368687585e8
6.912230038335795e8
6.854491009803997e8
6.788042453350446e8
6.806227036942861e8
6.814728243683842e8
6.809586846085385e8
6.805324549561609e8
6.802399053240806e8
6.799924493413515e8
6.821322212692797e8
6.832039635167545e8
6.819954983647417e8
6.827064214346745e8
6.83409790799451e8
6.856844516689365e8
6.84647301956692e8
6.83953265995763e8
6.764852599213016e8
6.764100172461276e8
6.730419199984732e8
6.731683576167965e8
6.714438144535081e8
6.767262003313737e8
6.734262445300186e8
6.709556987202871e8
6.672775264078621e8
6.676545881384789e8
6.644525347443361e8
6.585566980508369e8
6.595967743967423e8
6.566666164206666e8
6.546124473539224e8
6.491789110248475e8
6.481453663875763e8
6.495399371818459e8
6.457559861075633e8
6.489563879392269e8
6.537281106180371e8
6.550589178866181e8
6.614133852630205e8
6.596843283171036e8
6.592472772944636e8
6.633082051029559e8
6.655468092349675e8
6.68707518680935e8
6.652243842966561e8
6.665368043887348e8
6.690375282452801e8
6.699144537531873e8
6.661347309128277e8
6.676043375822524e8
6.641498559884133e8
6.650371644854212e8
6.63693443349079e8
6.591663314446638e8
6.620359370546793e8
6.576637737487386e8
6.574983355167725e8
6.565791582323949e8
6.539102392416404e8
6.526528758951031e8
6.505198778841109e8
6.503437123416189e8
6.498898026173426e8
6.46595930837032e8
6.479311378595104e8
6.431517385752078e8
6.376542530168324e8
6.290863721364678e8
6.295540137373197e8
6.320822992289368e8
6.315682177092141e8
6.294827118341602e8
6.351182175990136e8
6.345782389447211e8
6.3784170321804e8
6.381290719997855e8
6.381990835035971e8
6.374160889540329e8
6.413948361739606e8
6.413341197368515e8
6.413105842962493e8
6.357980791693532e8
6.323736579089524e8
6.30447960824238e8
6.231483127712059e8
6.198757663359313e8
6.123266712417521e8
6.040333032295028e8
6.02914849886196e8
5.937667931185813e8
5.879915900775343e8
5.796259612129445e8
5.789435968455303e8
5.746698592341627e8
5.734606627746887e8
5.736328986501112e8
5.719207323332338e8
5.665696642816802e8
5.681945290522648e8
5.673118686013781e8
5.664357409099212e8
5.641734650830171e8
5.644873866672628e8
