2.1077337673756727e6
2.1142319988345043e6
2.120036134824636e6
2.125543117998634e6
2.1308321854964173e6
2.1362874031395386e6
2.146285091065011e6
2.1526359267034633e6
2.1647232677214844e6
2.1736557731737057e6
2.18303384449555e6
2.1940607844064874e6
2.20338328153893e6
2.2109283636957402e6
2.223615431304751e6
2.2305454980442016e6
2.2427454626269923e6
2.256013131333481e6
2.266076749755159e6
2.2749647574380487e6
2.2847556703036553e6
2.297518907086285e6
2.3079355856973366e6
2.320737656841671e6
2.334361935871142e6
2.3501198650494493e6
2.36302922121945e6
2.3768328068331555e6
2.3934109962383998e6
2.4087950266604912e6
2.4258814677812383e6
2.442360959638968e6
2.4565174775700504e6
2.4752969154035775e6
2.4912367997400756e6
2.5102565371179148e6
2.5254235149418707e6
2.5418705809822287e6
2.562686843251459e6
2.5826830622454803e6
2.6025760715367123e6
2.622727803572597e6
2.6405761182808876e6
2.6637350429314277e6
2.6837893960115723e6
2.708768217405876e6
2.729721205508862e6
2.7560773545230157e6
2.7833667292177617e6
2.8061017752861883e6
2.8340640275125215e6
2.8596962767763203e6
2.882512137954358e6
2.9095702673291788e6
2.934885607890138e6
2.96249573738104e6
2.992770276599174e6
3.0233824174085245e6
3.051016129599618e6
3.075978242194678e6
3.108733614940614e6
3.144621113461184e6
3.1783797559335697e6
3.207377835802593e6
3.2379977641593753e6
3.26356033272096e6
3.2921845030723903e6
3.3289832785072126e6
3.3591280467083957e6
3.3938190020766295e6
3.4331274360942054e6
3.474991449035097e6
3.5144922265936206e6
3.5468238668769803e6
3.5917168278963948e6
3.633475747329213e6
3.674231315484643e6
3.7147581955915084e6
3.7563326891434956e6
3.791540048176586e6
3.8349927763808016e6
3.8741999953333386e6
3.919568117328144e6
3.9671170366752646e6
4.010640087633171e6
4.064243751876238e6
4.1175659557870687e6
4.1668273273895187e6
4.208664521711699e6
4.274355664408906e6
4.320948352983241e6
4.377277195640281e6
4.442670682384587e6
4.498371917631622e6
4.552936746653171e6
4.615839600138505e6
4.6733253261559885e6
4.72727787368238e6
4.782420589798384e6
4.829035136741865e6
4.89719876112429e6
4.954826314358667e6
5.0155402745305095e6
5.090062689517238e6
5.172895870375681e6
5.237130663354352e6
5.313336413670582e6
5.389751702866656e6
5.475606263071368e6
5.56318104194539e6
5.65042253289821e6
5.740760252229879e6
5.833925458497306e6
5.92412451130371e6
6.007415505049925e6
6.099952690892467e6
6.208517268348465e6
6.278609482044536e6
6.400164892032959e6
6.503033966893082e6
6.609310795846688e6
6.691082860839012e6
6.803080405546526e6
6.916528731684219e6
7.039614247223032e6
7.172408470302282e6
7.304562788754584e6
7.423329552337594e6
7.572599147010373e6
7.710976345614524e6
7.860615927304678e6
8.060040685061923e6
8.228079196449694e6
8.361859086487697e6
8.52463944222105e6
8.675755229252713e6
8.892357448459892e6
9.0456141262907e6
9.220371997561306e6
9.447565152594687e6
9.609334045590458e6
9.835405053753046e6
1.0103688503066722e7
1.0374114684183653e7
1.0621848064692656e7
1.0899443470758859e7
1.1161219931197288e7
1.1399126034857355e7
1.1629105714907251e7
1.1907685760986201e7
1.2108194279878797e7
1.2399889204095945e7
1.2646273593967209e7
1.2923231700876785e7
1.3181203735935392e7
1.337256466698366e7
1.3710682666048689e7
1.3862035544489402e7
1.4126680974138604e7
1.431087427522228e7
1.4555787359627778e7
1.4832262626814572e7
1.510913233447418e7
1.530995213846812e7
1.5638813587964455e7
1.582901238566902e7
1.6166203776319157e7
1.647301669563055e7
1.682567518071745e7
1.7054524097895157e7
1.735674394239963e7
1.7714093477052454e7
1.81112765944564e7
1.838312751885805e7
1.8660066053081203e7
1.899544343911977e7
1.9284023350229513e7
1.9655602932220843e7
2.0187709802570984e7
2.050663621833231e7
2.089415760478281e7
2.1216010401076414e7
2.156362189966321e7
2.190200256272794e7
2.2302040726989865e7
2.2640670552914847e7
2.287396983242461e7
2.31792417403151e7
2.3504014366127092e7
2.3732277207259126e7
2.41253066269885e7
2.443377394670767e7
2.4852155682154987e7
2.5259831985123046e7
2.5648271061182667e7
2.6226377144855045e7
2.6700102229414627e7
2.7055352957128454e7
2.7358424996007185e7
2.7622974762006056e7
2.809818776620868e7
2.837652801574744e7
2.8732624807259392e7
2.9048120473038416e7
2.9311255375095043e7
2.9367789943891913e7
2.9656730492654406e7
2.9900975360498827e7
3.0015425322503608e7
3.0331555412387624e7
3.0490422187603693e7
3.0738927488861427e7
3.0786642546074804e7
3.0966482170761682e7
3.097010833849876e7
3.124567950628014e7
3.1532714663507596e7
3.1610263522053495e7
3.172510928245527e7
3.185466627685304e7
3.1750868792781714e7
3.18853788214614e7
3.2097214973668918e7
3.2107312041119784e7
3.235906632499095e7
3.2734733794772048e7
3.3250263633061223e7
3.365546506754122e7
3.4184128302528866e7
3.437935415781597e7
3.457438266761301e7
3.491271325852009e7
3.5311783555864304e7
3.561357956045126e7
3.572660450258276e7
3.608495407582365e7
3.63079785833146e7
3.637383236439445e7
3.6664406443521135e7
3.697212642992181e7
3.7005613156298704e7
3.7094064020807885e7
3.718815845289659e7
3.746297193665317e7
3.7488293422942184e7
3.744720774801038e7
3.746247495519939e7
3.754077608434823e7
3.761209230443583e7
3.763495569493743e7
3.753169812267854e7
3.769009026522331e7
3.74130733954049e7
3.741697517669256e7
3.720941727371004e7
3.69830924205391e7
3.673249917973321e7
3.679141197550307e7
3.679195671649181e7
3.67083177393517e7
3.685798953522586e7
3.691270682428341e7
3.7105267743440025e7
3.7206513049138874e7
3.757708069388496e7
3.800673476339754e7
3.82805495229035e7
3.872822187034716e7
3.876903385764972e7
3.8867792737279624e7
3.915797575093474e7
3.915543661221775e7
3.929710775798639e7
3.9589606325504325e7
3.9850866907021075e7
3.990953038352324e7
4.067837820820516e7
4.09411799165118e7
4.15673783597004e7
4.205767843189409e7
4.20780829820032e7
4.217910077395604e7
4.23510908074542e7
4.2486510518233344e7
4.2574492453526035e7
4.233843913374849e7
4.245032546516403e7
4.282205717951454e7
4.3084824810003765e7
4.339429405337442e7
4.323364022079727e7
4.351951820577909e7
4.361342758379052e7
4.391967616720572e7
4.397453569497849e7
4.380628625955625e7
4.411020263675879e7
4.43010755990919e7
4.4243556598474905e7
4.4319195262373514e7
4.45036383611423e7
4.475403097514521e7
4.518252404017367e7
4.54428742766444e7
4.5411203680522054e7
4.571018439121272e7
4.561032131139858e7
4.536451724701561e7
4.546247213540445e7
4.5667986445854805e7
4.599159912897129e7
4.6022240569430925e7
4.615903466523356e7
4.6123880072574176e7
4.6184613803039506e7
4.6156621484181516e7
4.6399681648330145e7
4.609127452768493e7
4.6357679069916196e7
4.663491316343737e7
4.676647435098183e7
4.699105661718126e7
4.709659764262123e7
4.74725603382076e7
4.7672405058060534e7
4.794740996204197e7
4.865136710394208e7
4.884495360434715e7
4.950405385682553e7
4.991798499965427e7
5.0153509995622724e7
5.048987105485547e7
5.063501480295559e7
5.0503393664218746e7
5.055005289015927e7
5.079208965591665e7
5.07925075300045e7
5.052997857131974e7
5.0282163044411875e7
5.004042231929701e7
5.003434500426204e7
4.98365226650724e7
4.94272997252355e7
4.897212796351259e7
4.792582574403752e7
4.7381275387086205e7
4.675539611600844e7
4.681150568768749e7
4.6386499614767544e7
4.599718695012801e7
4.579953639127506e7
4.569157192381006e7
4.5532344995437965e7
4.501045622925899e7
4.45193085036318e7
4.407551956190446e7
4.386467124710305e7
4.337919431089975e7
4.295904709753882e7
4.263286314572706e7
4.223728631717178e7
4.2356067739677936e7
4.176199343063247e7
4.179454499850752e7
4.180524808329131e7
4.1692616342546344e7
4.131105383710432e7
4.113246956666275e7
4.120109190236045e7
4.129316182953395e7
4.141572064957307e7
4.1524129016150236e7
4.129153871517628e7
4.140910547158167e7
4.160807610709325e7
4.147189827721292e7
4.177284536674305e7
4.138133881249914e7
4.125251288792779e7
4.0957758793521896e7
4.099826260999267e7
4.089171966963257e7
4.0809550444885544e7
4.088860337804813e7
4.0737695110814445e7
4.090883277489641e7
4.084788941780915e7
4.094293032019134e7
4.088534742399453e7
4.0842853636019275e7
4.089278262959286e7
4.088266837823809e7
4.106381776698468e7
4.088982307119527e7
4.0850469664882764e7
4.08526577682611e7
4.0777344060646005e7
4.088237770011303e7
4.040847984116675e7
4.014012222133831e7
4.019864005730614e7
4.033747213111659e7
4.035456513278842e7
4.017115877249378e7
3.994732680829393e7
4.025656215794942e7
4.016871099814152e7
4.034343663045995e7
3.998060019243915e7
4.006308122429383e7
4.020548715416835e7
4.004291506521038e7
4.034115908720923e7
4.02075994615558e7
4.03698232374574e7
4.035027459283318e7
4.075432741026438e7
4.057882494812077e7
4.067078302638062e7
4.062014597501259e7
4.063805316965404e7
4.0728825947195046e7
4.066173464302e7
4.048258727918464e7
4.031339384289946e7
4.013949623356557e7
4.0247118221044265e7
4.0286620754148826e7
4.0109338165309936e7
4.038354688146393e7
4.062956239428881e7
4.058308278295873e7
4.071717464975961e7
4.056308420525763e7
4.04933792644536e7
4.027551988539523e7
4.045712691037488e7
4.075612172586562e7
4.079885820193426e7
4.0906870034957305e7
4.081292803817965e7
4.043992757987234e7
4.055605940805196e7
4.0364552305036314e7
4.038563055762631e7
4.0369396987137675e7
4.0390117708429255e7
4.098686252058972e7
4.113824415900889e7
4.1224852726860695e7
4.171289815607753e7
4.2074043682233e7
4.2049171017459996e7
4.2130050049955316e7
4.249425002056258e7
4.265063102339737e7
4.2535450145767495e7
4.283514259554991e7
4.308039757165835e7
4.304255631542302e7
4.276947802456198e7
4.312134986739037e7
4.3133601751289256e7
4.3263691668872885e7
4.2978588089211404e7
4.281992448173963e7
4.2981748349166274e7
4.282551249604332e7
4.298448867735517e7
4.262084208614595e7
4.282229952024287e7
4.279496451429078e7
4.2106438278397344e7
4.158541688028942e7
4.131218274631943e7
4.094107529355105e7
4.0563165080395356e7
4.0068063092034146e7
4.0087638477477655e7
3.968705276357741e7
3.939715577849378e7
3.909200313354223e7
3.863551787289288e7
3.8505724579661176e7
3.78135710241311e7
3.770853418920093e7
3.8226629506294236e7
3.806588897108943e7
3.778272932159944e7
3.798835255550513e7
3.7512091421617314e7
3.765303735000295e7
3.7713095453509085e7
3.7223330708166294e7
3.7153779905454785e7
3.718963438409304e7
3.762331796127202e7
3.793600289185486e7
3.775744106426108e7
3.779114087239368e7
3.784675464115388e7
3.818959405267922e7
3.850508342394311e7
3.838202968192804e7
3.8629416637277566e7
3.858413645710637e7
3.871412300629761e7
3.87656802996431e7
3.875869982737569e7
3.882102145704893e7
3.890416306052934e7
3.876030267460292e7
3.855348297072396e7
3.862497388488908e7
3.893803508339103e7
3.8837615989034556e7
3.863275601297861e7
3.875229908094745e7
3.886843006439698e7
3.892692102730308e7
3.917101199141875e7
3.935324981914293e7
3.926239202487507e7
3.9596895477383874e7
3.947659155766562e7
3.933651662124745e7
3.942865597303236e7
3.9403403960845016e7
3.945075727407294e7
3.944890969197818e7
3.930029634357759e7
3.912648174263932e7
3.89257893452935e7
3.8871536083828114e7
3.890981422069588e7
3.908705022991244e7
3.887433171379518e7
3.861868297117654e7
3.9054050834478356e7
3.8672801114494e7
3.903221225849951e7
3.8313089008021064e7
3.798958384869081e7
3.777596591763635e7
3.733021457964491e7
3.718329681884663e7
3.705407790753922e7
3.7225525632849745e7
3.715670927461309e7
3.70828417264027e7
3.661896637320761e7
3.652643185810209e7
3.634839506190809e7
3.6391797667720035e7
3.6367967589921676e7
3.6100655454887755e7
3.5673933907771826e7
3.529373580273837e7
3.497216405910665e7
3.4692866124458574e7
3.500482387528094e7
3.5049836043767735e7
3.4636452369442284e7
3.4339317514328755e7
3.440223161672337e7
3.425411909192949e7
3.4317590344250105e7
3.442903486169867e7
3.410862141223409e7
3.4078172530009516e7
3.441901381266302e7
3.441213109767506e7
3.443195702129722e7
3.4359462075217545e7
3.4353257156288624e7
3.404039282214395e7
3.396086041764658e7
3.3643417932027824e7
3.363766843620595e7
3.3529872145559706e7
3.334328520919999e7
3.312641008350229e7
3.3097640918172292e7
3.2743895281727783e7
3.2927721620298523e7
3.2795066927864455e7
3.278938174396031e7
3.2355719782464296e7
3.1950605217634726e7
3.2057009817361742e7
3.2260457999484483e7
3.2275506079685554e7
3.1989832604782198e7
3.186548851133982e7
3.1549331783824444e7
3.143291892086531e7
3.1592721542562008e7
3.1608561987999123e7
3.104745689281524e7
3.1264420441846e7
3.1345251423763655e7
3.1549647475774553e7
3.1467805805513643e7
3.1266794158374436e7
3.0551060119450152e7
3.039061245177713e7
