0.00047648943147913787
0.0004725335154167497
0.00046844432397988187
0.000464273314834968
0.00046019753651323
0.0004560032822382783
0.0004514019239688692
0.00044678762668749555
0.00044195331297996023
0.0004372926202217877
0.0004327047885480796
0.00042749499633376646
0.00042262585491350515
0.00041732641323498105
0.00041224404962542457
0.0004069158126939877
0.0004016154793571822
0.00039601635333455347
0.0003905317124129116
0.00038490760321570366
0.00037931419750425867
0.0003734393548357063
0.0003675944468176226
0.0003616376162346447
0.0003554903790674591
0.0003494867881415627
0.000343368783228077
0.0003373648206836343
0.0003312062587179803
0.0003249626394314286
0.00031882612642467767
0.00031252257859486606
0.0003063043009189353
0.0003001532975837848
0.0002940697422082403
0.00028794675477436554
0.0002816368061377989
0.0002754046475639614
0.00026941087274424036
0.0002633534972045372
0.00025719241988997153
0.00025122028726922774
0.00024538289093883485
0.000239707479199236
0.0002341556573850213
0.00022854818628975982
0.0002231744808755304
0.0002180085602879456
0.00021261172967584367
0.00020744952721929894
0.00020254030271944329
0.00019777365203278407
0.00019311337251175882
0.0001886525639045826
0.00018410013156386733
0.00017986346151912722
0.00017575149473024896
0.00017158281884348812
0.0001677268914974459
0.0001637273859022866
0.0001600072695686292
0.00015622383916762405
0.0001525370223788235
0.0001489178342291689
0.000145431926277376
0.00014199523709464872
0.00013878203620916517
0.00013573235086380845
0.00013288204608068616
0.00012982245287454706
0.0001270063228117192
0.00012437434397354237
0.0001216571633926588
0.00011905129744744854
0.00011654238876796774
0.00011405437743287699
0.00011164454098613584
0.00010935803973507429
0.00010726392954709128
0.00010526207233411989
0.000103150763347297
0.00010114665407794213
9.942480222081293e-5
9.777485549982749e-5
9.601501992021307e-5
9.449545602384432e-5
9.300290632376532e-5
9.154930944261712e-5
9.022662220887565e-5
8.887443009987559e-5
8.746964184392974e-5
8.614335726891006e-5
8.494617190569473e-5
8.374142156405985e-5
8.25762136306844e-5
8.154947422141715e-5
8.041764433651645e-5
7.945651903371253e-5
7.843793460912171e-5
7.751624156351247e-5
7.660984849705256e-5
7.586710214316187e-5
7.51804752833433e-5
7.440784295070297e-5
7.372756761870603e-5
7.303393682530882e-5
7.238404320154778e-5
7.17583908342737e-5
7.133265641982538e-5
7.073978160493473e-5
7.025044262369185e-5
6.98871854344286e-5
6.93825634035215e-5
6.89893968454306e-5
6.854324887629736e-5
6.802896365200625e-5
6.749635261866986e-5
6.694213546262386e-5
6.645655179399875e-5
6.603999549493517e-5
6.55841442625968e-5
6.510382282322545e-5
6.465007652216622e-5
6.424411348142405e-5
6.386036349488079e-5
6.355374359083267e-5
6.31680131023864e-5
6.288614574577548e-5
6.253110040409762e-5
6.221569604249334e-5
6.192454839788709e-5
6.175109685923823e-5
6.157227420388273e-5
6.133620362264894e-5
6.119130517372634e-5
6.110928972448292e-5
6.096314019394971e-5
6.100877729408972e-5
6.094835572183295e-5
6.073380890427727e-5
6.064390794614049e-5
6.061326305485344e-5
6.0536187564158376e-5
6.047400607404885e-5
6.0349812296980406e-5
6.0458966138379575e-5
6.0282894130717576e-5
6.02254136183248e-5
6.015262008496465e-5
6.0116833345588674e-5
6.0001073166725164e-5
5.9886838504382344e-5
5.971274507516471e-5
5.9711008588037086e-5
5.947332625154265e-5
5.9327197838106055e-5
5.9304569145264846e-5
5.931164398368221e-5
5.925096790633779e-5
5.931377952964821e-5
5.932495579662364e-5
5.930744966348015e-5
5.9269230561621876e-5
5.9183813617913865e-5
5.9203469388508865e-5
5.912570780457545e-5
5.9106985569267555e-5
5.904088294828082e-5
5.9076878424814674e-5
5.897235585779828e-5
5.891474864733046e-5
5.89364096149019e-5
5.896959043217815e-5
5.8905585909664033e-5
5.890575806635505e-5
5.8851363626188394e-5
5.8859877974839634e-5
5.880644012295452e-5
5.875900568863067e-5
5.872561558523069e-5
5.882274068228337e-5
5.8826352987771996e-5
5.878556082117562e-5
5.8774532097423736e-5
5.8805760594136295e-5
5.892679467541625e-5
5.8973844901687994e-5
5.9080264976939205e-5
5.909940550862549e-5
5.915521541062263e-5
5.9193137924179904e-5
5.919676671615468e-5
5.907841312540886e-5
5.909454875151443e-5
5.8885967587585564e-5
5.878541941126213e-5
5.8757602338003734e-5
5.8608197126291736e-5
5.857685059499393e-5
5.85759311721672e-5
5.853394616833921e-5
5.8364348923932e-5
5.828404547210661e-5
5.82226857072677e-5
5.824805021353263e-5
5.8181409910616434e-5
5.8199437253462045e-5
5.817186979539359e-5
5.821586784226057e-5
5.8269837313228525e-5
5.818210000855541e-5
5.820077165599065e-5
5.8131259170623964e-5
5.806358076580037e-5
5.797579901725205e-5
5.785993960811072e-5
5.7824363592144986e-5
5.764497092166566e-5
5.7482386748750805e-5
5.740866349782592e-5
5.74074428866707e-5
5.7381044280856175e-5
5.7431773202093334e-5
5.7391909566218974e-5
5.749825568724295e-5
5.761378430844629e-5
5.779091707624138e-5
5.783929113992219e-5
5.788705942011674e-5
5.8098519645012626e-5
5.81365898178386e-5
5.832947221967179e-5
5.840386942129628e-5
5.8574076591511784e-5
5.863582252766949e-5
5.879160901781154e-5
5.8875298979681834e-5
5.901625232288753e-5
5.9038184694954276e-5
5.89281026376298e-5
5.89978295548136e-5
5.8859150634072124e-5
5.877815296623239e-5
5.88128721525305e-5
5.873283157340606e-5
5.880618028303863e-5
5.875906647681841e-5
5.8784973536148654e-5
5.893985167750724e-5
5.89994209724846e-5
5.9005531773874706e-5
5.9014411823748735e-5
5.897762683663698e-5
5.8982889932860374e-5
5.888611224590772e-5
5.884880112124246e-5
5.882224280287408e-5
5.891871350860704e-5
5.8808185077781446e-5
5.872889098197108e-5
5.860234979560537e-5
5.864060257612253e-5
5.852007549442806e-5
5.848168284972498e-5
5.8521395569863274e-5
5.8565570119229156e-5
5.8638782693484376e-5
5.873081424751456e-5
5.892004213514165e-5
5.905425524936108e-5
5.915315015797463e-5
5.920031208996424e-5
5.929658069854768e-5
5.926569209228502e-5
5.928199643626478e-5
5.927545467159585e-5
5.9145670631211436e-5
5.9097269083996635e-5
5.9031471299082054e-5
5.887514381621435e-5
5.892311957016967e-5
5.891437205364049e-5
5.888021588664174e-5
5.886967949868661e-5
5.8791318953373505e-5
5.8695367454508e-5
5.871129581929915e-5
5.8725871566897326e-5
5.867283803889577e-5
5.873771704075006e-5
5.870525700402048e-5
5.879672895093639e-5
5.8623859613240985e-5
5.8777654255334144e-5
5.877262948400563e-5
5.874486839455285e-5
5.888742001550369e-5
5.8898681694669535e-5
5.901954695849056e-5
5.90845373472771e-5
5.909498461499023e-5
5.919057443686366e-5
5.93337934952365e-5
5.946173752162118e-5
5.939176059693549e-5
5.933309087817092e-5
5.930833722992785e-5
5.9266765416885064e-5
5.923828451207682e-5
5.9205592669621e-5
5.911228409498322e-5
5.9032888668819406e-5
5.902201788300033e-5
5.8944296115759005e-5
5.886961667824178e-5
5.87700436989234e-5
5.876524362254342e-5
5.874772262428976e-5
5.8925535876327215e-5
5.889588666377777e-5
5.894752445856597e-5
5.891767898743511e-5
5.893022513227988e-5
5.8729959396287423e-5
5.879364734830905e-5
5.88218567116044e-5
5.888279152777448e-5
5.883351249903367e-5
5.8898409473462066e-5
5.904111736168251e-5
5.8968628635950006e-5
5.899384643965283e-5
5.900485679427403e-5
5.912115386668414e-5
5.909859106162603e-5
5.90262603842045e-5
5.90991878094971e-5
5.8962756285329015e-5
5.878588333443506e-5
5.869792392176679e-5
5.846129330907332e-5
5.8473194514209346e-5
5.843485203759425e-5
5.827316087492653e-5
5.8162524979742786e-5
5.804663132258095e-5
5.8102423357320745e-5
5.8027961959899716e-5
5.790413207457232e-5
5.786068584957068e-5
5.7927395519770665e-5
5.784230759571647e-5
5.7902783935293656e-5
5.783734755265628e-5
5.7833539197198806e-5
5.792266007320061e-5
5.780201578154228e-5
5.78866948950099e-5
5.786995977586884e-5
5.7878425153749795e-5
5.790753071995784e-5
5.787951427807505e-5
5.788665938808239e-5
5.783260217958428e-5
5.780229258353774e-5
5.786264376946787e-5
5.778521276322246e-5
5.790595396522505e-5
5.802762400331134e-5
5.823897407018526e-5
5.818951359097601e-5
5.807679316628086e-5
5.8047887002694705e-5
5.8089541212579404e-5
5.7862955403001466e-5
5.7828184857942304e-5
5.768141190121079e-5
5.7621493040844245e-5
5.759693220977685e-5
5.7559447218021976e-5
5.741127327968368e-5
5.737449441305758e-5
5.7346218889388605e-5
5.748238657164372e-5
5.755678689792616e-5
5.7586098018316696e-5
5.775130294226224e-5
5.7813432373011516e-5
5.801051084814544e-5
5.821512217390913e-5
5.8227842517918844e-5
5.8495275202573446e-5
5.861898985944294e-5
5.886923267404917e-5
5.884833432150052e-5
5.895306546549958e-5
5.8967227964101134e-5
5.89272380377209e-5
5.894156602063101e-5
5.908879201470027e-5
5.899808171284746e-5
5.899427455768582e-5
5.899022826169024e-5
5.903789326011022e-5
5.897854745190391e-5
