0.0
0.024752475247524754
0.04950495049504951
0.07425742574257425
0.09900990099009901
0.12376237623762376
0.1485148514851485
0.17326732673267325
0.19801980198019803
0.22277227722772278
0.24752475247524752
0.2722772277227723
0.297029702970297
0.3217821782178218
0.3465346534653465
0.3712871287128713
0.39603960396039606
0.4207920792079208
0.44554455445544555
0.47029702970297027
0.49504950495049505
0.5198019801980198
0.5445544554455446
0.5693069306930693
0.594059405940594
0.6188118811881188
0.6435643564356436
0.6683168316831684
0.693069306930693
0.7178217821782178
0.7425742574257426
0.7673267326732673
0.7920792079207921
0.8168316831683168
0.8415841584158416
0.8663366336633663
0.8910891089108911
0.9158415841584159
0.9405940594059405
0.9653465346534653
0.9900990099009901
1.0148514851485149
1.0396039603960396
1.0643564356435644
1.0891089108910892
1.113861386138614
1.1386138613861385
1.1633663366336633
1.188118811881188
1.2128712871287128
1.2376237623762376
1.2623762376237624
1.2871287128712872
1.311881188118812
1.3366336633663367
1.3613861386138615
1.386138613861386
1.4108910891089108
1.4356435643564356
1.4603960396039604
1.4851485148514851
1.50990099009901
1.5346534653465347
1.5594059405940595
1.5841584158415842
1.608910891089109
1.6336633663366336
1.6584158415841583
1.683168316831683
1.7079207920792079
1.7326732673267327
1.7574257425742574
1.7821782178217822
1.806930693069307
1.8316831683168318
1.8564356435643565
1.881188118811881
1.9059405940594059
1.9306930693069306
1.9554455445544554
1.9801980198019802
2.004950495049505
2.0297029702970297
2.0544554455445545
2.0792079207920793
2.103960396039604
2.128712871287129
2.1534653465346536
2.1782178217821784
2.202970297029703
2.227722772277228
2.2524752475247523
2.277227722772277
2.301980198019802
2.3267326732673266
2.3514851485148514
2.376237623762376
2.400990099009901
2.4257425742574257
2.4504950495049505
2.4752475247524752
2.5
2.5247524752475248
2.5495049504950495
2.5742574257425743
2.599009900990099
2.623762376237624
2.6485148514851486
2.6732673267326734
2.698019801980198
2.722772277227723
2.7475247524752477
2.772277227722772
2.797029702970297
2.8217821782178216
2.8465346534653464
2.871287128712871
2.896039603960396
2.9207920792079207
2.9455445544554455
2.9702970297029703
2.995049504950495
3.01980198019802
3.0445544554455446
3.0693069306930694
3.094059405940594
3.118811881188119
3.1435643564356437
3.1683168316831685
3.1930693069306932
3.217821782178218
3.242574257425743
3.267326732673267
3.292079207920792
3.3168316831683167
3.3415841584158414
3.366336633663366
3.391089108910891
3.4158415841584158
3.4405940594059405
3.4653465346534653
3.49009900990099
3.514851485148515
3.5396039603960396
3.5643564356435644
3.589108910891089
3.613861386138614
3.6386138613861387
3.6633663366336635
3.6881188118811883
3.712871287128713
3.737623762376238
3.762376237623762
3.787128712871287
3.8118811881188117
3.8366336633663365
3.8613861386138613
3.886138613861386
3.910891089108911
3.9356435643564356
3.9603960396039604
3.985148514851485
4.00990099009901
4.034653465346534
4.0594059405940595
4.084158415841584
4.108910891089109
4.133663366336633
4.158415841584159
4.183168316831683
4.207920792079208
4.232673267326732
4.257425742574258
4.282178217821782
4.306930693069307
4.3316831683168315
4.356435643564357
4.381188118811881
4.405940594059406
4.430693069306931
4.455445544554456
4.48019801980198
4.5049504950495045
4.52970297029703
4.554455445544554
4.579207920792079
4.603960396039604
4.628712871287129
4.653465346534653
4.678217821782178
4.702970297029703
4.727722772277228
4.752475247524752
4.7772277227722775
4.801980198019802
4.826732673267327
4.851485148514851
4.876237623762377
4.900990099009901
4.925742574257426
4.9504950495049505
4.975247524752476
5.0
5.024752475247524
5.0495049504950495
5.074257425742574
5.099009900990099
5.123762376237623
5.148514851485149
5.173267326732673
5.198019801980198
5.2227722772277225
5.247524752475248
5.272277227722772
5.297029702970297
5.321782178217822
5.346534653465347
5.371287128712871
5.396039603960396
5.420792079207921
5.445544554455446
5.47029702970297
5.4950495049504955
5.51980198019802
5.544554455445544
5.569306930693069
5.594059405940594
5.618811881188119
5.643564356435643
5.6683168316831685
5.693069306930693
5.717821782178218
5.742574257425742
5.767326732673268
5.792079207920792
5.816831683168317
5.841584158415841
5.866336633663367
5.891089108910891
5.915841584158416
5.9405940594059405
5.965346534653466
5.99009900990099
6.014851485148514
6.03960396039604
6.064356435643564
6.089108910891089
6.1138613861386135
6.138613861386139
6.163366336633663
6.188118811881188
6.212871287128713
6.237623762376238
6.262376237623762
6.287128712871287
6.311881188118812
6.336633663366337
6.361386138613861
6.3861386138613865
6.410891089108911
6.435643564356436
6.46039603960396
6.485148514851486
6.50990099009901
6.534653465346534
6.5594059405940595
6.584158415841584
6.608910891089109
6.633663366336633
6.658415841584159
6.683168316831683
6.707920792079208
6.732673267326732
6.757425742574258
6.782178217821782
6.806930693069307
6.8316831683168315
6.856435643564357
6.881188118811881
6.905940594059406
6.930693069306931
6.955445544554456
6.98019801980198
7.0049504950495045
7.02970297029703
7.054455445544554
7.079207920792079
7.103960396039604
7.128712871287129
7.153465346534653
7.178217821782178
7.202970297029703
7.227722772277228
7.252475247524752
7.2772277227722775
7.301980198019802
7.326732673267327
7.351485148514851
7.376237623762377
7.400990099009901
7.425742574257426
7.4504950495049505
7.475247524752476
7.5
7.524752475247524
7.5495049504950495
7.574257425742574
7.599009900990099
7.623762376237623
7.648514851485149
7.673267326732673
7.698019801980198
7.7227722772277225
7.747524752475248
7.772277227722772
7.797029702970297
7.821782178217822
7.846534653465347
7.871287128712871
7.896039603960396
7.920792079207921
7.945544554455446
7.97029702970297
7.9950495049504955
8.01980198019802
8.044554455445544
8.069306930693068
8.094059405940595
8.118811881188119
8.143564356435643
8.168316831683168
8.193069306930694
8.217821782178218
8.242574257425742
8.267326732673267
8.292079207920793
8.316831683168317
8.341584158415841
8.366336633663366
8.391089108910892
8.415841584158416
8.44059405940594
8.465346534653465
8.490099009900991
8.514851485148515
8.53960396039604
8.564356435643564
8.589108910891088
8.613861386138614
8.638613861386139
8.663366336633663
8.688118811881187
8.712871287128714
8.737623762376238
8.762376237623762
8.787128712871286
8.811881188118813
8.836633663366337
8.861386138613861
8.886138613861386
8.910891089108912
8.935643564356436
8.96039603960396
8.985148514851485
9.009900990099009
9.034653465346535
9.05940594059406
9.084158415841584
9.108910891089108
9.133663366336634
9.158415841584159
9.183168316831683
9.207920792079207
9.232673267326733
9.257425742574258
9.282178217821782
9.306930693069306
9.331683168316832
9.356435643564357
9.381188118811881
9.405940594059405
9.430693069306932
9.455445544554456
9.48019801980198
9.504950495049505
9.529702970297029
9.554455445544555
9.57920792079208
9.603960396039604
9.628712871287128
9.653465346534654
9.678217821782178
9.702970297029703
9.727722772277227
9.752475247524753
9.777227722772277
9.801980198019802
9.826732673267326
9.851485148514852
9.876237623762377
9.900990099009901
9.925742574257425
9.950495049504951
9.975247524752476
10.0
