0.0
0.024793388429752067
0.049586776859504134
0.0743801652892562
0.09917355371900827
0.12396694214876033
0.1487603305785124
0.17355371900826447
0.19834710743801653
0.2231404958677686
0.24793388429752067
0.2727272727272727
0.2975206611570248
0.32231404958677684
0.34710743801652894
0.371900826446281
0.39669421487603307
0.4214876033057851
0.4462809917355372
0.47107438016528924
0.49586776859504134
0.5206611570247934
0.5454545454545454
0.5702479338842975
0.5950413223140496
0.6198347107438017
0.6446280991735537
0.6694214876033058
0.6942148760330579
0.71900826446281
0.743801652892562
0.768595041322314
0.7933884297520661
0.8181818181818182
0.8429752066115702
0.8677685950413223
0.8925619834710744
0.9173553719008265
0.9421487603305785
0.9669421487603306
0.9917355371900827
1.0165289256198347
1.0413223140495869
1.0661157024793388
1.0909090909090908
1.115702479338843
1.140495867768595
1.165289256198347
1.1900826446280992
1.2148760330578512
1.2396694214876034
1.2644628099173554
1.2892561983471074
1.3140495867768596
1.3388429752066116
1.3636363636363635
1.3884297520661157
1.4132231404958677
1.43801652892562
1.462809917355372
1.487603305785124
1.512396694214876
1.537190082644628
1.56198347107438
1.5867768595041323
1.6115702479338843
1.6363636363636365
1.6611570247933884
1.6859504132231404
1.7107438016528926
1.7355371900826446
1.7603305785123966
1.7851239669421488
1.8099173553719008
1.834710743801653
1.859504132231405
1.884297520661157
1.9090909090909092
1.9338842975206612
1.9586776859504131
1.9834710743801653
2.0082644628099175
2.0330578512396693
2.0578512396694215
2.0826446280991737
2.1074380165289255
2.1322314049586777
2.15702479338843
2.1818181818181817
2.206611570247934
2.231404958677686
2.256198347107438
2.28099173553719
2.3057851239669422
2.330578512396694
2.355371900826446
2.3801652892561984
2.4049586776859506
2.4297520661157024
2.4545454545454546
2.479338842975207
2.5041322314049586
2.5289256198347108
2.553719008264463
2.5785123966942147
2.603305785123967
2.628099173553719
2.652892561983471
2.677685950413223
2.7024793388429753
2.727272727272727
2.7520661157024793
2.7768595041322315
2.8016528925619837
2.8264462809917354
2.8512396694214877
2.87603305785124
2.9008264462809916
2.925619834710744
2.950413223140496
2.975206611570248
3.0
3.024793388429752
3.049586776859504
3.074380165289256
3.0991735537190084
3.12396694214876
3.1487603305785123
3.1735537190082646
3.1983471074380163
3.2231404958677685
3.2479338842975207
3.272727272727273
3.2975206611570247
3.322314049586777
3.347107438016529
3.371900826446281
3.396694214876033
3.4214876033057853
3.446280991735537
3.4710743801652892
3.4958677685950414
3.520661157024793
3.5454545454545454
3.5702479338842976
3.5950413223140494
3.6198347107438016
3.644628099173554
3.669421487603306
3.6942148760330578
3.71900826446281
3.743801652892562
3.768595041322314
3.793388429752066
3.8181818181818183
3.84297520661157
3.8677685950413223
3.8925619834710745
3.9173553719008263
3.9421487603305785
3.9669421487603307
3.9917355371900825
4.016528925619835
4.041322314049586
4.066115702479339
4.090909090909091
4.115702479338843
4.140495867768595
4.1652892561983474
4.190082644628099
4.214876033057851
4.239669421487603
4.264462809917355
4.289256198347108
4.31404958677686
4.338842975206612
4.363636363636363
4.3884297520661155
4.413223140495868
4.43801652892562
4.462809917355372
4.487603305785124
4.512396694214876
4.537190082644628
4.56198347107438
4.586776859504132
4.6115702479338845
4.636363636363637
4.661157024793388
4.68595041322314
4.710743801652892
4.735537190082645
4.760330578512397
4.785123966942149
4.809917355371901
4.8347107438016526
4.859504132231405
4.884297520661157
4.909090909090909
4.933884297520661
4.958677685950414
4.983471074380165
5.008264462809917
5.033057851239669
5.0578512396694215
5.082644628099174
5.107438016528926
5.132231404958677
5.1570247933884295
5.181818181818182
5.206611570247934
5.231404958677686
5.256198347107438
5.2809917355371905
5.305785123966942
5.330578512396694
5.355371900826446
5.380165289256198
5.404958677685951
5.429752066115703
5.454545454545454
5.479338842975206
5.5041322314049586
5.528925619834711
5.553719008264463
5.578512396694215
5.603305785123967
5.628099173553719
5.652892561983471
5.677685950413223
5.702479338842975
5.7272727272727275
5.75206611570248
5.776859504132231
5.801652892561983
5.8264462809917354
5.851239669421488
5.87603305785124
5.900826446280992
5.925619834710743
5.950413223140496
5.975206611570248
6.0
6.024793388429752
6.049586776859504
6.074380165289257
6.099173553719008
6.12396694214876
6.148760330578512
6.1735537190082646
6.198347107438017
6.223140495867769
6.24793388429752
6.2727272727272725
6.297520661157025
6.322314049586777
6.347107438016529
6.371900826446281
6.396694214876033
6.421487603305785
6.446280991735537
6.471074380165289
6.4958677685950414
6.520661157024794
6.545454545454546
6.570247933884297
6.595041322314049
6.619834710743802
6.644628099173554
6.669421487603306
6.694214876033058
6.7190082644628095
6.743801652892562
6.768595041322314
6.793388429752066
6.818181818181818
6.8429752066115705
6.867768595041323
6.892561983471074
6.917355371900826
6.9421487603305785
6.966942148760331
6.991735537190083
7.016528925619835
7.041322314049586
7.066115702479339
7.090909090909091
7.115702479338843
7.140495867768595
7.1652892561983474
7.190082644628099
7.214876033057851
7.239669421487603
7.264462809917355
7.289256198347108
7.31404958677686
7.338842975206612
7.363636363636363
7.3884297520661155
7.413223140495868
7.43801652892562
7.462809917355372
7.487603305785124
7.512396694214876
7.537190082644628
7.56198347107438
7.586776859504132
7.6115702479338845
7.636363636363637
7.661157024793388
7.68595041322314
7.710743801652892
7.735537190082645
7.760330578512397
7.785123966942149
7.809917355371901
7.8347107438016526
7.859504132231405
7.884297520661157
7.909090909090909
7.933884297520661
7.958677685950414
7.983471074380165
8.008264462809917
8.03305785123967
8.057851239669422
8.082644628099173
8.107438016528926
8.132231404958677
8.15702479338843
8.181818181818182
8.206611570247935
8.231404958677686
8.256198347107437
8.28099173553719
8.305785123966942
8.330578512396695
8.355371900826446
8.380165289256198
8.40495867768595
8.429752066115702
8.454545454545455
8.479338842975206
8.50413223140496
8.52892561983471
8.553719008264462
8.578512396694215
8.603305785123966
8.62809917355372
8.652892561983471
8.677685950413224
8.702479338842975
8.727272727272727
8.75206611570248
8.776859504132231
8.801652892561984
8.826446280991735
8.851239669421487
8.87603305785124
8.900826446280991
8.925619834710744
8.950413223140496
8.975206611570249
9.0
9.024793388429751
9.049586776859504
9.074380165289256
9.099173553719009
9.12396694214876
9.148760330578513
9.173553719008265
9.198347107438016
9.223140495867769
9.24793388429752
9.272727272727273
9.297520661157025
9.322314049586776
9.347107438016529
9.37190082644628
9.396694214876034
9.421487603305785
9.446280991735538
9.47107438016529
9.49586776859504
9.520661157024794
9.545454545454545
9.570247933884298
9.59504132231405
9.619834710743802
9.644628099173554
9.669421487603305
9.694214876033058
9.71900826446281
9.743801652892563
9.768595041322314
9.793388429752065
9.818181818181818
9.84297520661157
9.867768595041323
9.892561983471074
9.917355371900827
9.942148760330578
9.96694214876033
9.991735537190083
10.016528925619834
10.041322314049587
10.066115702479339
10.090909090909092
10.115702479338843
10.140495867768594
10.165289256198347
10.190082644628099
10.214876033057852
10.239669421487603
10.264462809917354
10.289256198347108
10.314049586776859
10.338842975206612
10.363636363636363
10.388429752066116
10.413223140495868
10.438016528925619
10.462809917355372
10.487603305785123
10.512396694214877
10.537190082644628
10.561983471074381
10.586776859504132
10.611570247933884
10.636363636363637
10.661157024793388
10.685950413223141
10.710743801652892
10.735537190082646
10.760330578512397
10.785123966942148
10.809917355371901
10.834710743801653
10.859504132231406
10.884297520661157
10.909090909090908
10.933884297520661
10.958677685950413
10.983471074380166
11.008264462809917
11.03305785123967
11.057851239669422
11.082644628099173
11.107438016528926
11.132231404958677
11.15702479338843
11.181818181818182
11.206611570247935
11.231404958677686
11.256198347107437
11.28099173553719
11.305785123966942
11.330578512396695
11.355371900826446
11.380165289256198
11.40495867768595
11.429752066115702
11.454545454545455
11.479338842975206
11.50413223140496
11.52892561983471
11.553719008264462
11.578512396694215
11.603305785123966
11.62809917355372
11.652892561983471
11.677685950413224
11.702479338842975
11.727272727272727
11.75206611570248
11.776859504132231
11.801652892561984
11.826446280991735
11.851239669421487
11.87603305785124
11.900826446280991
11.925619834710744
11.950413223140496
11.975206611570249
12.0
12.024793388429751
12.049586776859504
12.074380165289256
12.099173553719009
12.12396694214876
12.148760330578513
12.173553719008265
12.198347107438016
12.223140495867769
12.24793388429752
12.272727272727273
12.297520661157025
12.322314049586776
12.347107438016529
12.37190082644628
12.396694214876034
12.421487603305785
12.446280991735538
12.47107438016529
12.49586776859504
12.520661157024794
12.545454545454545
12.570247933884298
12.59504132231405
12.619834710743802
12.644628099173554
12.669421487603305
12.694214876033058
12.71900826446281
12.743801652892563
12.768595041322314
12.793388429752065
12.818181818181818
12.84297520661157
12.867768595041323
12.892561983471074
12.917355371900827
12.942148760330578
12.96694214876033
12.991735537190083
13.016528925619834
13.041322314049587
13.066115702479339
13.090909090909092
13.115702479338843
13.140495867768594
13.165289256198347
13.190082644628099
13.214876033057852
13.239669421487603
13.264462809917354
13.289256198347108
13.314049586776859
13.338842975206612
13.363636363636363
13.388429752066116
13.413223140495868
13.438016528925619
13.462809917355372
13.487603305785123
13.512396694214877
13.537190082644628
13.561983471074381
13.586776859504132
13.611570247933884
13.636363636363637
13.661157024793388
13.685950413223141
13.710743801652892
13.735537190082646
13.760330578512397
13.785123966942148
13.809917355371901
13.834710743801653
13.859504132231406
13.884297520661157
13.909090909090908
13.933884297520661
13.958677685950413
13.983471074380166
14.008264462809917
14.03305785123967
14.057851239669422
14.082644628099173
14.107438016528926
14.132231404958677
14.15702479338843
14.181818181818182
14.206611570247935
14.231404958677686
14.256198347107437
14.28099173553719
14.305785123966942
14.330578512396695
14.355371900826446
14.380165289256198
14.40495867768595
14.429752066115702
14.454545454545455
14.479338842975206
14.50413223140496
14.52892561983471
14.553719008264462
14.578512396694215
14.603305785123966
14.62809917355372
14.652892561983471
14.677685950413224
14.702479338842975
14.727272727272727
14.75206611570248
14.776859504132231
14.801652892561984
14.826446280991735
14.851239669421487
14.87603305785124
14.900826446280991
14.925619834710744
14.950413223140496
14.975206611570249
15.0
