0.0
0.024958402662229616
0.04991680532445923
0.07487520798668885
0.09983361064891846
0.12479201331114809
0.1497504159733777
0.17470881863560733
0.19966722129783693
0.22462562396006655
0.24958402662229617
0.27454242928452577
0.2995008319467554
0.324459234608985
0.34941763727121466
0.37437603993344426
0.39933444259567386
0.4242928452579035
0.4492512479201331
0.47420965058236275
0.49916805324459235
0.5241264559068219
0.5490848585690515
0.5740432612312812
0.5990016638935108
0.6239600665557404
0.64891846921797
0.6738768718801996
0.6988352745424293
0.7237936772046589
0.7487520798668885
0.7737104825291181
0.7986688851913477
0.8236272878535774
0.848585690515807
0.8735440931780366
0.8985024958402662
0.9234608985024958
0.9484193011647255
0.9733777038269551
0.9983361064891847
1.0232945091514143
1.0482529118136439
1.0732113144758735
1.098169717138103
1.1231281198003327
1.1480865224625625
1.173044925124792
1.1980033277870217
1.2229617304492513
1.2479201331114809
1.2728785357737105
1.29783693843594
1.3227953410981697
1.3477537437603992
1.3727121464226288
1.3976705490848587
1.4226289517470883
1.4475873544093179
1.4725457570715474
1.497504159733777
1.5224625623960066
1.5474209650582362
1.5723793677204658
1.5973377703826954
1.622296173044925
1.6472545757071548
1.6722129783693844
1.697171381031614
1.7221297836938436
1.7470881863560732
1.7720465890183028
1.7970049916805324
1.821963394342762
1.8469217970049916
1.8718801996672212
1.896838602329451
1.9217970049916806
1.9467554076539102
1.9717138103161398
1.9966722129783694
2.021630615640599
2.0465890183028286
2.071547420965058
2.0965058236272878
2.1214642262895174
2.146422628951747
2.1713810316139766
2.196339434276206
2.2212978369384357
2.2462562396006653
2.2712146422628954
2.296173044925125
2.3211314475873546
2.346089850249584
2.3710482529118138
2.3960066555740434
2.420965058236273
2.4459234608985025
2.470881863560732
2.4958402662229617
2.5207986688851913
2.545757071547421
2.5707154742096505
2.59567387687188
2.6206322795341097
2.6455906821963393
2.670549084858569
2.6955074875207985
2.720465890183028
2.7454242928452577
2.7703826955074877
2.7953410981697173
2.820299500831947
2.8452579034941765
2.870216306156406
2.8951747088186357
2.9201331114808653
2.945091514143095
2.9700499168053245
2.995008319467554
3.0199667221297837
3.0449251247920133
3.069883527454243
3.0948419301164725
3.119800332778702
3.1447587354409317
3.1697171381031612
3.194675540765391
3.2196339434276204
3.24459234608985
3.26955074875208
3.2945091514143097
3.3194675540765393
3.344425956738769
3.3693843594009985
3.394342762063228
3.4193011647254576
3.4442595673876872
3.469217970049917
3.4941763727121464
3.519134775374376
3.5440931780366056
3.569051580698835
3.594009983361065
3.6189683860232944
3.643926788685524
3.6688851913477536
3.693843594009983
3.718801996672213
3.7437603993344424
3.7687188019966724
3.793677204658902
3.8186356073211316
3.843594009983361
3.868552412645591
3.8935108153078204
3.91846921797005
3.9434276206322796
3.968386023294509
3.9933444259567388
4.018302828618968
4.043261231281198
4.068219633943428
4.093178036605657
4.118136439267887
4.143094841930116
4.168053244592346
4.1930116472545755
4.217970049916805
4.242928452579035
4.267886855241264
4.292845257903494
4.3178036605657235
4.342762063227953
4.367720465890183
4.392678868552412
4.417637271214642
4.4425956738768715
4.467554076539101
4.492512479201331
4.517470881863561
4.542429284525791
4.56738768718802
4.59234608985025
4.6173044925124795
4.642262895174709
4.667221297836939
4.692179700499168
4.717138103161398
4.7420965058236275
4.767054908485857
4.792013311148087
4.816971713810316
4.841930116472546
4.8668885191347755
4.891846921797005
4.916805324459235
4.941763727121464
4.966722129783694
4.9916805324459235
5.016638935108153
5.041597337770383
5.066555740432612
5.091514143094842
5.116472545757071
5.141430948419301
5.166389351081531
5.19134775374376
5.21630615640599
5.241264559068219
5.266222961730449
5.291181364392679
5.316139767054908
5.341098169717138
5.366056572379367
5.391014975041597
5.415973377703827
5.440931780366056
5.465890183028286
5.490848585690515
5.515806988352746
5.5407653910149754
5.565723793677205
5.590682196339435
5.615640599001664
5.640599001663894
5.665557404326123
5.690515806988353
5.715474209650583
5.740432612312812
5.765391014975042
5.790349417637271
5.815307820299501
5.840266222961731
5.86522462562396
5.89018302828619
5.915141430948419
5.940099833610649
5.965058236272879
5.990016638935108
6.014975041597338
6.039933444259567
6.064891846921797
6.0898502495840265
6.114808652246256
6.139767054908486
6.164725457570715
6.189683860232945
6.2146422628951745
6.239600665557404
6.264559068219634
6.289517470881863
6.314475873544093
6.3394342762063225
6.364392678868552
6.389351081530782
6.414309484193011
6.439267886855241
6.4642262895174705
6.4891846921797
6.5141430948419305
6.53910149750416
6.56405990016639
6.589018302828619
6.613976705490849
6.6389351081530785
6.663893510815308
6.688851913477538
6.713810316139767
6.738768718801997
6.7637271214642265
6.788685524126456
6.813643926788686
6.838602329450915
6.863560732113145
6.8885191347753745
6.913477537437604
6.938435940099834
6.963394342762063
6.988352745424293
7.0133111480865225
7.038269550748752
7.063227953410982
7.088186356073211
7.113144758735441
7.13810316139767
7.1630615640599
7.18801996672213
7.212978369384359
7.237936772046589
7.262895174708818
7.287853577371048
7.312811980033278
7.337770382695507
7.362728785357737
7.387687188019966
7.412645590682196
7.437603993344426
7.462562396006655
7.487520798668885
7.512479201331115
7.537437603993345
7.562396006655574
7.587354409317804
7.612312811980034
7.637271214642263
7.662229617304493
7.687188019966722
7.712146422628952
7.737104825291182
7.762063227953411
7.787021630615641
7.81198003327787
7.8369384359401
7.86189683860233
7.886855241264559
7.911813643926789
7.936772046589018
7.961730449251248
7.9866888519134775
8.011647254575708
8.036605657237937
8.061564059900167
8.086522462562396
8.111480865224626
8.136439267886855
8.161397670549086
8.186356073211314
8.211314475873545
8.236272878535774
8.261231281198004
8.286189683860233
8.311148086522463
8.336106489184692
8.361064891846922
8.386023294509151
8.410981697171382
8.43594009983361
8.46089850249584
8.48585690515807
8.5108153078203
8.535773710482529
8.56073211314476
8.585690515806988
8.610648918469218
8.635607321131447
8.660565723793678
8.685524126455906
8.710482529118137
8.735440931780365
8.760399334442596
8.785357737104825
8.810316139767055
8.835274542429284
8.860232945091514
8.885191347753743
8.910149750415973
8.935108153078202
8.960066555740433
8.985024958402661
9.009983361064892
9.034941763727122
9.059900166389351
9.084858569051582
9.10981697171381
9.13477537437604
9.15973377703827
9.1846921797005
9.209650582362729
9.234608985024959
9.259567387687188
9.284525790349418
9.309484193011647
9.334442595673877
9.359400998336106
9.384359400998337
9.409317803660565
9.434276206322796
9.459234608985025
9.484193011647255
9.509151414309484
9.534109816971714
9.559068219633943
9.584026622296173
9.608985024958402
9.633943427620633
9.658901830282861
9.683860232945092
9.70881863560732
9.733777038269551
9.75873544093178
9.78369384359401
9.808652246256239
9.83361064891847
9.858569051580698
9.883527454242929
9.908485856905157
9.933444259567388
9.958402662229616
9.983361064891847
10.008319467554077
10.033277870216306
10.058236272878537
10.083194675540765
10.108153078202996
10.133111480865225
10.158069883527455
10.183028286189684
10.207986688851914
10.232945091514143
10.257903494176373
10.282861896838602
10.307820299500833
10.332778702163061
10.357737104825292
10.38269550748752
10.407653910149751
10.43261231281198
10.45757071547421
10.482529118136439
10.50748752079867
10.532445923460898
10.557404326123129
10.582362728785357
10.607321131447588
10.632279534109816
10.657237936772047
10.682196339434276
10.707154742096506
10.732113144758735
10.757071547420965
10.782029950083194
10.806988352745424
10.831946755407653
10.856905158069884
10.881863560732112
10.906821963394343
10.931780366056572
10.956738768718802
10.98169717138103
11.006655574043261
11.031613976705492
11.05657237936772
11.081530782029951
11.10648918469218
11.13144758735441
11.156405990016639
11.18136439267887
11.206322795341098
11.231281198003328
11.256239600665557
11.281198003327788
11.306156405990016
11.331114808652247
11.356073211314476
11.381031613976706
11.405990016638935
11.430948419301165
11.455906821963394
11.480865224625624
11.505823627287853
11.530782029950084
11.555740432612312
11.580698835274543
11.605657237936772
11.630615640599002
11.65557404326123
11.680532445923461
11.70549084858569
11.73044925124792
11.755407653910149
11.78036605657238
11.805324459234608
11.830282861896839
11.855241264559067
11.880199667221298
11.905158069883527
11.930116472545757
11.955074875207986
11.980033277870216
12.004991680532447
12.029950083194676
12.054908485856906
12.079866888519135
12.104825291181365
12.129783693843594
12.154742096505824
12.179700499168053
12.204658901830284
12.229617304492512
12.254575707154743
12.279534109816971
12.304492512479202
12.32945091514143
12.354409317803661
12.37936772046589
12.40432612312812
12.429284525790349
12.45424292845258
12.479201331114808
12.504159733777039
12.529118136439267
12.554076539101498
12.579034941763727
12.603993344425957
12.628951747088186
12.653910149750416
12.678868552412645
12.703826955074875
12.728785357737104
12.753743760399335
12.778702163061563
12.803660565723794
12.828618968386023
12.853577371048253
12.878535773710482
12.903494176372712
12.928452579034941
12.953410981697171
12.9783693843594
13.00332778702163
13.028286189683861
13.05324459234609
13.07820299500832
13.103161397670549
13.12811980033278
13.153078202995008
13.178036605657239
13.202995008319467
13.227953410981698
13.252911813643927
13.277870216306157
13.302828618968386
13.327787021630616
13.352745424292845
13.377703826955075
13.402662229617304
13.427620632279535
13.452579034941763
13.477537437603994
13.502495840266223
13.527454242928453
13.552412645590682
13.577371048252912
13.602329450915141
13.627287853577371
13.6522462562396
13.67720465890183
13.70216306156406
13.72712146422629
13.752079866888518
13.777038269550749
13.801996672212978
13.826955074875208
13.851913477537437
13.876871880199667
13.901830282861896
13.926788685524127
13.951747088186355
13.976705490848586
14.001663893510816
14.026622296173045
14.051580698835275
14.076539101497504
14.101497504159735
14.126455906821963
14.151414309484194
14.176372712146422
14.201331114808653
14.226289517470882
14.251247920133112
14.27620632279534
14.301164725457571
14.3261231281198
14.35108153078203
14.37603993344426
14.40099833610649
14.425956738768718
14.450915141430949
14.475873544093178
14.500831946755408
14.525790349417637
14.550748752079867
14.575707154742096
14.600665557404326
14.625623960066555
14.650582362728786
14.675540765391014
14.700499168053245
14.725457570715474
14.750415973377704
14.775374376039933
14.800332778702163
14.825291181364392
14.850249584026622
14.875207986688851
14.900166389351082
14.92512479201331
14.95008319467554
14.97504159733777
15.0
