0.0005177627546296707
0.0005169072415354575
0.0005161104683370499
0.0005153997806535548
0.0005147083607513307
0.0005139690760753979
0.0005129533365107394
0.0005121236911875026
0.0005109283808456975
0.0005099993291203119
0.0005090038561563495
0.0005078617394058803
0.0005069285911390033
0.000505967471966661
0.0005047876161813555
0.0005039166968348279
0.000502653857625875
0.0005014151384270182
0.0005003127184158425
0.000499313186871567
0.0004982637900902188
0.0004969685391785236
0.0004958967461438328
0.0004946364683882952
0.000493313777726673
0.0004919938458301658
0.000490702572154841
0.000489440763133188
0.000487867229141119
0.00048648104459117784
0.0004850387765157276
0.00048360072095255177
0.00048224221834773336
0.00048080595968099066
0.00047942262345407576
0.0004779008180469751
0.00047664634354447575
0.0004752021800576757
0.000473628557288485
0.0004720137407011168
0.0004704780597049965
0.00046896395193052234
0.00046746973051101673
0.00046572331281283594
0.0004641494900153933
0.0004624018716794279
0.0004608878849855565
0.0004591335594683077
0.0004572431676957122
0.0004557603178559064
0.0004539658270918544
0.0004522920716091701
0.00045074782551827054
0.0004490453227418576
0.0004473575617845913
0.0004456288046837165
0.0004437639987389644
0.00044187023806138535
0.0004400842113419055
0.0004385347830342166
0.00043665698785503
0.00043466959743305544
0.00043273744492945015
0.00043107628980354137
0.000429326490053867
0.0004278162564726353
0.00042617545313039697
0.00042429344998980145
0.00042256785935694785
0.00042068244048166484
0.0004186646607845289
0.0004166727937756685
0.0004147465561008226
0.000412876592471867
0.00041076839274270207
0.0004087191338055151
0.00040672223044120105
0.0004047024698903857
0.0004028586957372663
0.00040115185891147757
0.00039910897356167324
0.0003974030651001531
0.0003955649616560802
0.00039361379604058774
0.0003916775264967945
0.00038952975701120503
0.0003874127219155671
0.00038538659697624517
0.0003837110425879989
0.000381342107779872
0.00037955219643603087
0.0003775907805139493
0.00037533860977465646
0.00037329587923869324
0.00037136633607941536
0.00036921875902606773
0.0003672787898620846
0.0003653386064274327
0.0003633596591582324
0.00036168194181041555
0.0003595351356781657
0.00035748252860728387
0.00035555268833433053
0.00035331781288595995
0.00035081454934929594
0.0003489061221602608
0.000346720248692454
0.00034446941124540234
0.0003422469400237045
0.00033976587573923646
0.00033762886959966466
0.0003354808782988797
0.0003332665853480138
0.000331085972939069
0.0003291003304763661
0.00032693868289493985
0.0003246380854368749
0.0003228451904450911
0.00032027162750684635
0.00031804803768401376
0.00031577841739213985
0.00031402409719371145
0.0003117682158763864
0.00030964497253845177
0.00030722759986015534
0.00030492291468913894
0.0003025250431507699
0.000300346016684315
0.0002977231599954672
0.0002953871997890026
0.00029301840145137803
0.0002900915621828543
0.00028750506070258724
0.0002853162916702442
0.0002829420725225235
0.0002808733777669466
0.00027810071517544625
0.0002761080137751163
0.0002736655119420071
0.00027086720174493325
0.00026879173319281256
0.0002662494180394907
0.00026329096591819635
0.00026033723852086216
0.00025771122368342897
0.00025503580836789153
0.00025249258396285387
0.0002501344642975995
0.0002478865065847911
0.0002455129277251953
0.00024352733285068484
0.00024114177631787798
0.00023894605956919793
0.00023653347199417037
0.00023440003546668073
0.00023268692196160064
0.00023019853447543917
0.0002287223664528679
0.00022681864150850904
0.0002252814723147302
0.0002234700277478826
0.00022152346500561667
0.00021948271376362685
0.0002178383233269111
0.00021580730895496262
0.000214268464078903
0.00021227511673056014
0.00021043798478066357
0.0002084567984100417
0.0002069450845572973
0.00020518056968476194
0.00020323587628101364
0.00020113833128766902
0.00019962391951677791
0.00019801123117248502
0.00019642269551022957
0.0001949942262616138
0.00019327770120770732
0.00019107714401665158
0.00018965866641499797
0.00018800165292456213
0.00018656896490836175
0.00018516672980622132
0.000183676448358228
0.00018215940762109296
0.0001807428773683059
0.00017974099256539162
0.000178572377859841
0.00017734260105595816
0.0001762668911212437
0.00017501072805076585
0.00017382135558204078
0.00017236325472399673
0.00017105489938236195
0.0001697376593260204
0.00016805119918841365
0.00016654837832561306
0.00016535830261350557
0.0001642682767738382
0.00016332834512522597
0.00016210844508108172
0.00016130108418332368
0.0001603473712839153
0.0001594065821343177
0.00015861551967678562
0.00015810753375594582
0.0001572225573719072
0.00015636700032172076
0.00015579588479692013
0.0001550759714604843
0.00015449873408865248
0.00015379212846298068
0.000153338135856797
0.0001527403810890598
0.00015243290731541725
0.00015166273546940025
0.00015093680999816122
0.00015046283531532388
0.00015002460312248423
0.00014959255109379347
0.00014938235888015572
0.00014887458013270263
0.0001482291185224385
0.0001478659980801509
0.00014720107497679004
0.00014643283194170148
0.00014535365412933542
0.00014446875161475652
0.00014341157655666873
0.00014283998526990678
0.00014229970427947453
0.00014161572856083852
0.00014081874841513558
0.00014019697122091997
0.00013978670771964548
0.0001391379066754619
0.0001386191161279567
0.00013835025440363997
0.00013776935593282498
0.0001371227107368171
0.00013689545718551592
0.00013649226929407103
0.00013619016783296796
0.00013564968951080574
0.00013537236285799864
0.0001351840097785475
0.00013487716701569667
0.000134493813845391
0.0001342285424980791
0.0001339301800697116
0.00013380058873572825
0.00013342077568963303
0.00013356629345725608
0.00013328626497605166
0.00013329770805696004
0.00013334215542108198
0.00013344765366379347
0.00013327250344086157
0.000133084446554595
0.00013297644575277956
0.0001325763443307616
0.00013229031979362994
0.00013180863173045817
0.00013147804308915603
0.00013080182556796452
0.00013004334930761746
0.00012948956221904093
0.00012879862753697652
0.00012852043555928362
0.0001282204022245486
0.00012770106407179602
0.0001275653630815082
0.00012712369124601386
0.00012664956696139252
0.0001261797449438298
0.00012594641774548362
0.00012499840698215205
0.00012461293888010026
0.0001238882542915876
0.0001233200331852432
0.00012314058775543554
0.0001228397254831226
0.0001225451621897963
0.00012225455422065092
0.00012192388334418491
0.00012189139834552023
0.00012157884433446136
0.00012106386520135384
0.00012066581928405623
0.00012018350207635277
0.00012012563189518434
0.00011972059650604768
0.00011942745596320555
0.00011902924380413443
0.00011883767980231863
0.00011881411041452697
0.00011839794603703582
0.00011808486003909944
0.00011794866723265392
0.0001177490031107892
0.00011743133265683602
0.00011705702287601003
0.00011647560088797126
0.00011617525123337349
0.00011604693140616563
0.00011557124011130613
0.00011547707915300222
0.00011537109064855008
0.00011515309325925056
0.000114799770943601
0.00011436070717632642
0.00011418833143141066
0.00011397353586690926
0.00011386632139762613
0.00011369133923805692
0.00011354331858753143
0.00011320777832979859
0.00011332214808347869
0.00011301293207751541
0.00011262798802994476
0.00011232688415923755
0.00011199801421733606
0.00011181053857929115
0.00011141092153478754
0.00011111668971377214
0.0001107769777263767
0.00011005593106395636
0.00010981815682523446
0.00010921366465538012
0.0001087960908172999
0.00010851059500715551
0.0001081656848835511
0.00010791265948609042
0.00010783307096715764
0.00010764932433474762
0.00010738534670547629
0.00010725730952156144
0.00010726775237346872
0.00010729131727053141
0.00010729897121537286
0.00010713796047169588
0.00010720841530286624
0.00010737248660289792
0.00010768019573576629
0.00010833753202441324
0.00010865391368291426
0.000109014457542733
0.00010881176666344505
0.00010901998895580795
0.0001092029862103279
0.00010927295929564065
0.00010927185951157199
0.00010934919486237077
0.00010960711305821583
0.00010984453700204973
0.00011000856124399481
0.00011013348957200079
0.00011040165588903968
0.00011059256628364164
0.0001107311193126873
0.0001109843983979181
0.00011074993787352768
0.00011108836702523726
0.00011096718943445395
0.00011082556301479858
0.00011072626571860295
0.00011085240527518608
0.00011089184896803357
0.00011073620034576304
0.00011049235780542599
0.00011024846450757621
0.00011005796742810787
0.00011015586055932803
0.00010992945845568423
0.00010964540367866618
0.00010965640303099221
0.00010926997863256175
0.00010947668484072678
0.00010945322940868195
0.00010959100443660408
0.00010948582652301064
0.00010952546028100257
0.00010948793379346308
0.00010937567686141685
0.00010939920508235186
0.00010913500522620717
0.00010911945695507179
0.00010889520574370681
0.00010880612630032826
0.0001087173342782973
0.00010858859736174926
0.0001085129409415456
0.00010824028741657002
0.00010823781963355847
0.00010815895311097929
0.00010802892438894191
0.00010796691031272944
0.00010783151104054932
0.00010810774679856083
0.00010824711352682861
0.00010809340531536067
0.00010786802182272527
0.00010775138345999812
0.0001077988149880518
0.00010786839201990939
0.00010744549475948457
0.00010746521923171846
0.00010717807590022996
0.00010732458580719144
0.00010716235527997048
0.00010697665452357572
0.00010701763326652698
0.00010670890075355251
0.00010673801228947974
0.0001064910687813645
0.00010634474729331461
0.00010588816074814949
0.00010598100568021343
0.0001057817781569718
0.00010572107094624841
0.00010569057599170018
0.00010556711569272981
0.00010556520754411866
0.00010566060324498883
0.00010567256276909967
0.00010573418678161017
0.00010557931858799309
0.00010546905289310719
0.00010553304168316161
0.00010518731209557668
0.00010482261495553595
0.00010481692552369941
0.00010457983039022088
0.00010462035643958302
0.00010458840697586534
0.00010471515105628283
0.00010446598783648152
0.00010408695614227213
0.00010395823371262663
0.00010377420559652785
0.00010362174167635204
0.00010389268221486618
0.00010370004078158853
0.00010377008391811842
0.00010368947905501113
0.00010357803556996188
0.00010349754683409049
0.00010293025819236757
0.00010275694824198813
0.00010262238213465612
0.00010212697135365412
0.00010178719234495449
0.00010171364197650991
0.00010161728850461894
0.00010123263162533669
0.00010106198869059277
0.00010110627585887358
0.00010077631513564219
0.0001005379289779344
0.00010050491906460464
0.00010067137083076544
0.00010033423294482401
0.00010024642691516654
0.00010006749963994326
0.00010020963687971706
0.0001002543895601992
0.0001000810942761084
0.00010013941241050795
9.98892438395925e-5
0.0001001248505359663
9.990404916749123e-5
9.986167907940829e-5
0.00010029088860165416
0.00010061125613038267
0.00010078403219393257
0.00010103889283513597
0.00010122109456447828
0.00010148836026211852
0.00010135649169464179
0.00010164668772473757
0.0001018621665041355
0.00010209318903957791
0.0001024602094285096
0.00010252487169732035
0.00010297749567554366
0.0001029881596396038
0.00010248693703099604
0.00010256316979733357
0.00010268249793779862
0.00010242875793362689
0.00010274045771929325
0.00010250918100071687
0.00010238604436486914
0.00010279860525384037
0.00010267225573538778
0.00010258720141956261
0.00010215690896494582
0.00010175452967754
0.00010181063499110838
0.00010172827495705696
0.00010155673504986871
0.00010121720241950988
0.00010087068964978754
0.00010082189763201939
0.00010050184841130203
0.0001004888639904027
0.00010027165755966297
0.00010017481967512436
0.00010007593169597464
9.988221387769372e-5
9.972328793203867e-5
9.97409093529551e-5
9.986596505075087e-5
9.978665171476581e-5
9.943034093702579e-5
9.942756753213993e-5
9.947876675790092e-5
9.925195016114048e-5
9.911743273372908e-5
9.899658158437861e-5
9.875496792488127e-5
9.854899462839669e-5
9.858936222407172e-5
9.82398987462266e-5
9.81434473177282e-5
9.824191214774451e-5
9.807584120349966e-5
9.800711960057326e-5
9.793199195353518e-5
9.784365699897857e-5
9.78947324654006e-5
9.789474548595443e-5
9.791728516243647e-5
9.78899159977036e-5
9.783956858199268e-5
9.767324768930804e-5
9.777801408229474e-5
9.788325426258227e-5
9.746325676667083e-5
9.767212134869713e-5
9.727952883129969e-5
9.782884130058436e-5
9.799413737475628e-5
9.812249877186271e-5
9.849275013456666e-5
9.852828480251346e-5
9.85861235004398e-5
9.828362391195148e-5
9.830643740979231e-5
9.823896400875867e-5
9.863297590009272e-5
9.86015434705115e-5
9.868555834116206e-5
9.856951288507322e-5
9.847559109392108e-5
9.86794149881724e-5
9.901307197497227e-5
9.92502293918401e-5
9.949466845053672e-5
9.974127137149233e-5
9.936552833648381e-5
9.924431781949713e-5
9.957827401840897e-5
9.976537449736201e-5
9.960509489576062e-5
9.966865160712944e-5
9.950730023304172e-5
9.931986635944858e-5
9.952946489320935e-5
9.95188571327262e-5
9.90888504810405e-5
9.899483121641897e-5
9.891536542798258e-5
9.894450637864192e-5
9.888983174477078e-5
9.917158408320959e-5
9.918797611486836e-5
9.943773263642232e-5
9.942296977740843e-5
9.940652593211134e-5
9.948878512953489e-5
9.962283832518693e-5
9.952751802586226e-5
9.982221920977824e-5
9.957372296187087e-5
9.964524758518778e-5
9.965100624637402e-5
9.998933891475224e-5
0.00010032573540591651
0.00010013013073957018
9.983475421694234e-5
9.979810596950553e-5
9.998819656515831e-5
0.00010001162088633269
0.00010023753849077498
0.00010023221422228622
9.999845638911751e-5
9.993872763929564e-5
0.00010042882334334929
0.0001001743209216707
9.997984210539773e-5
9.967684686702406e-5
9.974148837029174e-5
9.995477522744093e-5
0.00010066352712911845
0.00010073032801387796
